names phi theta dt Tspan wn log10_A_dm log10_A_red log10_A_sv g_dm g_red g_sv
pulsar_1 4.326997633431704 0.6999521828860056 894493.6927018951 10.258544967410298 0.20408565669778697 -15.306603858945058 -44.235269639637295 -44.51337767887058 0.599346684128942 4.869880790200511 1.19240052072064
pulsar_2 2.0211063717514386 1.5939657279630783 865190.8882759615 9.865665716798745 0.13863691251449903 -16.7542760266762 -16.902338816913115 -45.22355143431375 2.3267203032541075 4.905621850065396 4.65431918422153
pulsar_3 2.745955149931118 1.2408741939391787 848946.7581341502 10.102424713380033 0.08021340993740952 -13.264032340560767 -43.66844241646292 -43.32902764480784 4.277538520383495 2.750315957392252 4.696909907829114
pulsar_4 3.724574621604971 2.2331000468778206 840229.1499729373 9.656403811461137 0.12363391256248782 -44.49638831419436 -14.632899355329927 -46.06287548512046 1.507305692424831 4.344958191205336 0.38263807008218315
pulsar_5 1.2141763790272857 1.9840747960140999 886693.4508653164 9.956283005136235 0.45913032324114383 -16.469073343347866 -46.48480264423941 -45.65079112586684 1.0635427435066478 4.668409113880375 2.9990904835380867
pulsar_6 5.664037409632263 0.4826769576870922 910141.8977387429 9.715397923078203 0.08692592953468015 -44.45459217545292 -13.30194147915068 -14.447041857440702 2.8109353133027803 0.5036532814198189 3.196748530518825
pulsar_7 2.134444838200471 0.8426797067760146 883251.5517821979 10.101329998835817 0.13513452298199666 -46.75555856257423 -14.745085583093653 -44.834647763947544 0.7089928551790075 1.8026389680184272 0.27962277768700644
pulsar_8 5.37732071482593 0.36304076450358314 819338.7071303995 10.133742543591731 0.23377984026718115 -45.81314850507894 -13.950911271903735 -45.75725270505515 0.43965077038557876 3.4126158399453055 4.631663104582868
pulsar_9 4.905541158410713 2.249885344025045 876387.7397709326 9.810397862348115 0.036209585840159056 -13.90390678601015 -45.23472188260723 -45.40768098692974 1.1956121000042168 4.8855881563395895 2.265880473107513
pulsar_10 1.7945506798048068 1.9279643734853766 809602.2750065024 9.968774846764367 0.048044985110660535 -16.35223026126649 -43.40971005732165 -45.657401232729086 2.7258887091579886 4.7394056075715465 2.3436181728932386
pulsar_11 5.701257922844604 1.0583068571706813 811488.905034768 9.877314510702817 0.15077806336416646 -16.628409829862946 -46.60630912897053 -44.34637553496997 0.404752313523704 1.1389005191556274 4.095162603785942
pulsar_12 2.057545009316769 1.6723250916893526 865191.7694657466 10.025038531856545 0.12190568257586973 -44.2662741517274 -43.97461397392651 -45.216511397668775 2.720940284980051 0.7619066206430568 2.408296335999796
pulsar_13 2.640423138020731 0.1308936162326861 875976.2444539827 9.905231936526729 0.13012477887140642 -43.38738932991712 -13.225544396221464 -45.59267585801962 1.3339121399201541 2.7188522828981756 2.7033268651533673
pulsar_14 0.9070305786106011 0.8932113821106623 879223.8479796887 9.78463860270529 0.10019486000360847 -46.81923157070358 -43.467274055412375 -43.70825773337879 1.0052073122416643 1.2933939161118884 2.7999450631494898
pulsar_15 2.475820951204383 1.4294092472703372 855848.6199759418 10.292748190724508 0.12445619188390536 -43.962163592652786 -44.13816773684337 -46.000182590221115 2.096376585779706 0.5497112322396811 3.243928817091136
pulsar_16 2.074728918228862 2.864712351152387 846398.8631141646 9.660713700083356 0.18861279902602945 -46.936756122673295 -16.683845702941507 -46.858199100172044 4.214930833028562 0.7508921196027857 4.951992836026412
pulsar_17 0.004014329349314467 1.0077094461609137 895884.4011636737 10.064916337563895 0.07427302486111356 -46.815993474202656 -14.187606383425841 -45.927335587433376 4.298526548158669 0.911779616133945 4.840705666547779
pulsar_18 3.4089938868625334 0.9516813326729743 880762.6410462396 9.9011611224583 0.05331542413005517 -13.563808858067619 -46.374425674055075 -46.8434631388067 3.0395980064183674 2.825282219087443 0.7355206299997878
pulsar_19 1.6105091541695493 1.9241230983240583 817104.2487636951 9.884286217429226 0.07551181900365492 -43.404937051632594 -45.45009390224776 -44.317719263377775 1.4709067491324856 3.320859763670452 1.2182453405902238
pulsar_20 2.6956719603545416 1.5392628346967703 831367.1427919387 10.111898664666363 0.05244012637654917 -14.435998208599841 -16.749227681372997 -43.4561397586069 3.533222467303782 2.814351857679917 1.8410291498945206
pulsar_21 5.951184814695138 1.945968333508027 870616.3730621538 9.872987326755727 0.046916103403035286 -46.821122962664646 -46.26517743725082 -43.9540426397505 2.9899880914235815 4.041866277263136 2.512018100007512
pulsar_22 4.0663065505197995 2.2157235964373374 894691.5467860923 9.93414245728135 0.05217732071912402 -16.151084406131524 -45.85757912912964 -46.462981004653116 4.350167962518253 2.1596518537517415 3.3652527571751962
pulsar_23 1.3782567763863978 1.4558580997262005 879662.6360851085 10.213088378545667 0.16352755245796094 -14.915249192115231 -43.8849102551476 -43.21263298844464 3.244450828432612 2.3156466187311993 2.4945171641635375
pulsar_24 0.6175504862610762 1.4379332192764012 838951.0625808552 9.807773400184864 0.05772265327124167 -45.21525304227963 -45.057086575996536 -44.95612295552322 2.498412124963578 4.986949850194581 4.204020134845884
pulsar_25 3.415060836662247 2.0642573781554288 784608.0058186568 9.917424244893393 0.052631388011274476 -16.493924227767362 -43.8715336833377 -43.97628302504901 2.4163539114632138 2.192120990923257 3.358185733264057
pulsar_26 0.7316336105528372 2.082162301057424 885980.658865527 9.949597956689608 0.05504160099837138 -44.061054471786065 -13.029060375914728 -46.39614173840786 4.563987391910901 3.4154354865069285 1.7485399795658503
pulsar_27 4.851810099604018 0.8074396792968952 828412.1639805621 9.694516238809543 0.09597266726350565 -45.58804248798725 -46.133759786094856 -45.49585895589483 1.5108676243673043 4.704423160742595 2.0769014813193976
pulsar_28 5.268108878393254 0.15012854724990984 870104.1299270374 10.04923608632746 0.11100130215935107 -14.041203336457917 -44.71944444690231 -45.26728813528101 0.5066611354879237 0.47257948280303197 3.8636900089934603
pulsar_29 0.6538913154395171 1.2222612872855372 833769.6786210823 9.897545855982658 0.09525558707883218 -16.139720670802664 -46.28080138872465 -46.71682196952493 0.36662233779771297 4.228862647141192 3.273615539578577
pulsar_30 2.0117884687356744 1.184847680996766 851173.2169580964 10.316204175788405 0.11685200624435571 -15.55944899626663 -45.47467514756697 -46.91392288130643 2.7770702203377935 4.181166395721981 1.8967087692829305
pulsar_31 0.33224596024047776 1.7932863705485274 808824.224778261 10.47475032444941 0.22085428051337072 -15.914737479937262 -16.859691543861608 -44.058109055609265 1.4129902857620726 1.1749311953044193 3.0189504656332393
pulsar_32 2.562415869860986 2.2633724537638478 864934.4389620651 9.722530490603432 0.1535174588223403 -13.509546902108955 -13.662279950871747 -44.46488173459695 3.95030657737796 2.8468758241035608 4.667603842651747
pulsar_33 1.9268434557677294 2.7300635255788603 823650.2747145912 10.02410228369834 0.1108650817965499 -16.057338052984527 -43.72454875484758 -46.19657078922503 0.9669673391328191 1.1580887389687895 2.602542656863221
pulsar_34 1.536206898790686 1.6580437132079968 874627.5149667131 10.304826090571112 0.31572687750759104 -13.503866001658455 -15.98347032064451 -46.021721259746954 4.992794302978683 0.9257636838153968 3.5175697101588237
pulsar_35 4.380619925905731 0.8621408541985622 862077.3388312485 9.976498781202618 0.040683834951424976 -45.386358056753735 -45.10867475035587 -43.56860071723077 4.679351144684968 0.6714611203340854 4.541438951847391
pulsar_36 5.925497320214857 0.930365487996418 843731.3971569629 9.949978255811383 0.07323364868843404 -46.20416613039906 -45.773679966072045 -46.02209228974203 4.627731629530974 1.7829796289621513 3.755005299942591
pulsar_37 3.7182005294817437 1.941606979251156 864172.7198417376 10.18490993833552 0.05742050792130815 -45.431775600967384 -44.67339643852165 -46.43994767056283 2.6845930692995172 0.6310508455357257 4.608092462438502
pulsar_38 3.3154459598747175 2.0178499147926994 888850.3269398964 9.898382677882505 0.626818346102165 -44.2264627583851 -13.158888530150804 -45.82688725799605 4.068809665817243 2.927073937395028 1.8623287745552217
pulsar_39 2.6140944863538373 1.1937665551760754 872779.6632071441 9.95163044400184 0.027831363739256473 -14.770637524693232 -44.70426717723245 -45.00238681636638 1.2230593207116933 3.811390959884029 2.869557399335489
pulsar_40 2.4008152819544764 1.1130055300051496 838634.6209441139 9.990704293482409 0.10686903844772716 -13.68112145736078 -13.815938378734286 -46.0089990441591 4.234400958996556 2.7389065388395846 1.6348696707676316
pulsar_41 4.3056476426432475 1.9926653013603586 900037.9559242409 10.078458818591374 0.036898771971186364 -46.104170160667444 -13.633799930267045 -46.65980641531945 1.9257386297460202 1.3396501813927049 3.4882659134977447
pulsar_42 2.815666072300768 1.6125759032524938 809772.8476092056 10.10262798368466 0.12041012702249104 -16.182422244502856 -14.471912079799562 -46.875102471221496 1.1284060942083391 4.72786534307586 0.2669305190817576
pulsar_43 2.6099507588591853 2.020520929865273 844583.1991843999 10.037174453305761 0.11596479584756361 -15.783624461600628 -16.280881969946 -46.78070793843786 3.1783465969888733 1.7953727450178785 1.1438323110911994
pulsar_44 2.1030110086277527 1.091644005598763 896998.1359412477 9.739354178317994 0.5046205706578455 -46.214753010998415 -43.618323554455046 -43.85981301600748 1.3164254122272017 2.7133549019885552 2.6069069069320494
pulsar_45 2.6706619348260987 1.5646635454530973 828553.4864370086 9.79570678636503 0.06496862957266687 -15.723267499659793 -16.057213195629764 -45.84386986295952 3.82534876073721 0.70123105358498 1.1398579269266969
pulsar_46 2.238963329149854 0.9970823902797312 847210.5196688246 10.467528226747373 0.16596268965470531 -16.47543286956868 -14.326460913824052 -44.149077207887416 3.3550621864891736 4.872726963065682 4.662552808370199
pulsar_47 2.540861140413145 0.5300877844214834 890350.666624526 9.897112196343713 0.0596689976657361 -46.28670590477299 -45.9172633867853 -46.845971596534625 3.2174215889456357 0.6366358421504777 2.3744769660312994
pulsar_48 1.0685879789921706 1.5684615837972153 915471.053423072 9.876641040144968 0.055187309811989826 -43.52625036053676 -46.37179263732969 -46.99198254321465 1.4377232952359162 3.0472968332427524 4.612292015979667
pulsar_49 0.5578608295169808 1.0106567865421907 863699.6186867219 9.89722258857584 0.06341022962702983 -46.46916792754284 -46.6291742197753 -46.11534124960584 2.822121396657666 1.5763128905318122 3.7075168129366416
pulsar_50 6.011317385690348 2.51843216596824 853336.4101888948 10.159817938482073 0.18237917818985042 -15.465673972506966 -46.77839650385275 -45.58582569859054 0.5945830441510085 0.4819971896640495 1.655736147073489
pulsar_51 2.0791508459693873 1.9746279694104107 890003.6289739524 9.908655826732653 0.12054496132214995 -44.10516175194036 -46.02135582363118 -45.00331846399871 1.0849071330496247 4.2786667104295235 1.149905251377776
pulsar_52 5.766913955929575 1.8459564434224125 877376.1431995231 9.725623036740268 0.07472543834836648 -13.089665823077238 -43.94962239666238 -43.63814871408502 3.7143460697321737 1.1026164915921384 3.3664974667652854
pulsar_53 5.124332005675513 1.0880017620401983 794240.0043958145 9.841689621404546 0.09449221075353006 -13.370461932139953 -44.41653108690922 -43.43128121655505 2.1403928247178388 1.2998448835509064 1.2662197740495658
pulsar_54 4.883911416100832 2.0234530891108657 863344.7944700894 9.77772134523336 0.1275826895540383 -15.290018294707883 -15.581186012233363 -46.57993178471996 0.44067177049120887 2.8327959622114234 2.184852968704634
pulsar_55 4.624145138754915 2.3392369756081854 911512.8671467012 9.806851919827505 0.1260881619507837 -43.40295441356284 -46.890725833150455 -45.34248149146549 1.0313585150640896 3.2019520551532756 1.6427921881330168
pulsar_56 5.360213190057906 1.9575462341835672 894320.011764673 10.255968074499258 0.06163354511544575 -44.41378622780619 -44.18148457672467 -45.73990076314872 4.534711526405457 2.8893628844986172 1.6276611672062322
pulsar_57 4.78789798800215 2.229988207320067 796503.8435821198 9.89306029438957 0.10522197058865766 -16.210133737116692 -15.793170913358685 -43.38201563035997 1.0412677394272825 1.9054688171387886 3.448881470424644
pulsar_58 5.418415002992543 0.4730646873375058 891188.7924023635 10.176242919731703 0.21743224990677493 -15.518121410046678 -16.352576499700273 -45.51668215548463 3.2205156524630674 2.6172144438772436 0.6062040514510258
pulsar_59 1.3241200333168455 2.5595757660597624 884922.921419498 9.573121766734625 0.13558700492670137 -45.25647676894043 -46.00128065345054 -45.187961195957264 1.3447875813647956 1.9341801994118157 0.4126192167193711
pulsar_60 1.6863669882086345 0.6678532466609847 891414.5958271571 9.946603087707498 0.03507868056801698 -14.269995495531669 -14.626964267318346 -44.61177458561342 1.0178540474035744 2.925563657228216 0.41058148171149544
pulsar_61 3.777676018485151 1.6939648368902116 870818.2790832062 10.068783083372034 0.017804301843173213 -43.158428997255164 -46.511517916731535 -46.374387435312826 0.7794198087999079 3.787888862997358 2.262522790169467
pulsar_62 3.7069274671284638 0.6727975998641738 789681.5184720905 9.767356605763023 0.08983539763921664 -15.20636500869185 -43.14638787229526 -46.80263103751008 1.0331398225185195 2.8572401508426153 2.7036897553565664
pulsar_63 5.733035477535787 1.430617192825267 880100.0215373134 9.972776076469042 0.0889956194078777 -16.57958515026471 -43.39323721165761 -43.22332605612195 1.2451016720539223 2.955196244356866 0.7389357927992906
pulsar_64 5.939649517043602 1.939663725757647 826030.522420737 10.246848715890257 0.025691143074459095 -45.85587671452238 -16.96294762307342 -46.62193884549255 4.320916064152704 0.538743860247916 1.4717448476675914
pulsar_65 0.08714271784705088 0.8691557593643943 863396.1332791517 10.387871611323055 0.018848415496014542 -14.285308079153822 -45.85057747649876 -43.396411361807985 3.8570120593761374 2.9407382663507478 2.3404963388593036
pulsar_66 3.761709172744664 1.0831381585708626 858337.8108318446 9.868623487727978 0.12637387151981647 -13.628411237681043 -43.78940251415194 -43.576260545300485 1.052356485691544 1.1326479738141535 2.230968369248397
pulsar_67 4.659875841324927 1.609340866971496 868816.2513911215 9.94599567471029 0.07458818607979413 -13.57280037076381 -46.72324242282862 -43.06377481153821 1.4331104714651932 1.3021306385803437 2.0107383808961377
pulsar_68 2.8497024501681922 0.7933554565354073 850279.4370908784 10.107729766648035 0.02286886487143154 -44.858554712908 -45.08487875220552 -46.32922772845971 3.623675009389296 2.995638483952896 1.1279135030368685
pulsar_69 4.514096227976857 1.5221151586770651 828998.1633471828 9.906414196163972 0.03391384941577158 -15.741275552326083 -15.918730132511508 -46.47286925436687 3.180100724467135 4.977351125965493 3.9168731972758817
pulsar_70 3.407143823075674 1.0198782320563748 869617.3649576597 9.94250838096809 0.35281905317265777 -16.28894374866888 -44.27977369579843 -45.10868970283758 2.339421547428037 2.1710472188629026 1.1138051700149585
pulsar_71 6.233752748695487 1.6870880774174684 890037.5150979616 10.133873903892427 0.12295521822655259 -13.643226371985577 -16.02870130654217 -46.78895102054109 1.2298244605755988 1.9087957498117603 2.1659665971493034
pulsar_72 5.178401863275806 1.1804033515633408 915576.2652130346 9.739226034187144 1.134967490616277 -13.473600564131278 -44.90514119153056 -43.03670393938115 0.9068711061591261 1.2937438587988215 3.9045161160548747
pulsar_73 5.857198266286981 1.40195127333564 868212.8795918439 10.297404713543813 0.0424353160539676 -45.122663951581785 -43.27227604582588 -44.427095872684035 0.42175434461553063 2.661714517805321 4.639612745958
pulsar_74 4.446964358294743 1.2375051816278595 855857.9829755112 10.063893703163668 0.07815051964190155 -14.406617167567774 -16.43933323033181 -46.146403664715706 4.490718611077843 4.286502049788731 0.8626638305779613
pulsar_75 2.577965640281794 0.6788231625898401 882841.3450197278 10.352620030615547 0.09946832862082156 -44.07220201137248 -44.19789908860167 -46.157773213667866 4.8150982231304145 1.1686580240363957 0.6628024807652222
pulsar_76 1.5946465905632545 0.4511596770518146 880793.3845722419 9.73737258919752 0.27563473583029596 -46.572044461581186 -45.96836749778065 -45.00984983674104 1.0466198064885768 4.2767049721884955 2.2084783170627498
pulsar_77 1.2022909582785737 1.3311731136463345 885163.2577504255 9.702852814361426 0.03394515034590047 -13.821228066948489 -44.198409802793655 -46.72778314265875 1.8596059957938482 3.7216544886974723 4.094823220312806
pulsar_78 0.018995481363814265 2.979208156609986 919814.2380300682 10.130837424740449 0.040076972028392284 -43.05743693080066 -45.960988271925785 -45.453550866879056 3.9932905310303144 4.614184831982994 1.597398864797503
pulsar_79 2.397030702070378 1.490639539044251 836531.2408087961 9.977181153729354 0.13412479487447404 -43.964561109498284 -15.541451587015137 -43.500935865074595 2.777335140890788 2.2207974495996745 0.8228280105472793
pulsar_80 4.274302403443285 1.1219189997341905 808985.7716094081 10.327202855336383 0.05493118299476757 -45.0410813392179 -13.192457074626486 -43.477326803338414 2.648324721833467 4.384466476829042 3.504493651206985
pulsar_81 5.854505187619578 0.6716680524233671 879871.4864563427 10.391062965794212 0.2103410811493924 -43.966893374786274 -43.63848399681577 -45.69856953520466 3.9068777831714896 3.212490660203769 1.7990138885004319
pulsar_82 5.417608678389987 1.1074584302804342 857895.3755348873 10.557215732262954 0.38105922657440927 -43.68845967769331 -13.328778941704124 -44.94342607916928 0.8445408068860409 1.38730934534334 4.32882568413566
pulsar_83 3.6947113314309203 1.7480818963644076 824094.5994749283 9.747532750900458 0.052981520973161694 -44.543469154187065 -46.4821044821371 -43.580119084961794 1.563574883929894 0.9845671796593223 1.147793958760197
pulsar_84 1.833987248098129 1.821556773786223 928066.8826569036 9.835418245915807 0.04519969564900362 -14.786351902166626 -15.065594547131493 -43.03568082065917 2.357477294509042 4.818872174664288 3.797582083328948
pulsar_85 5.137093439500362 0.993109331861414 889232.0398600751 10.139476273615752 0.09953872595866353 -15.556056481148623 -16.61927004078782 -43.76503200979545 3.8143891046271143 4.464321354603192 4.9398826962273965
pulsar_86 1.9001413792965396 1.5019459175814394 843252.8733492463 10.204241474742933 0.20066248863097255 -13.008922631728627 -43.23491291608719 -43.40984567822169 3.136054695987564 1.0218954670942688 2.251127329209045
pulsar_87 4.359578626518676 1.5013301033147306 840877.4687016602 9.634717684184956 0.17948259535640876 -14.310485785088126 -44.402156092501 -46.61311050114578 2.0647225731656107 3.042975023728105 2.068144576430563
pulsar_88 2.88014991729425 1.3110097853339888 892870.02657235 9.877225846207297 0.04160781869308991 -14.231409573853188 -43.01162335022941 -46.621946675668525 4.353593135182957 2.886094150939055 1.538499932207816
pulsar_89 3.0929945087877333 1.1593764079047688 895724.4477636525 9.937473783193715 0.3698551622841127 -13.950439406864733 -43.192197651850705 -44.627101857633974 3.891970285651158 3.376194728378035 4.332572888664124
pulsar_90 3.5994062493105066 1.450801102036501 863686.3990504146 10.236473214644894 0.0404800749838292 -15.204262122552587 -14.079842080573565 -44.51253565921159 3.4034788494217842 1.6224884233025347 2.8425093503531915
pulsar_91 2.7444570943045106 0.9972490011966436 883912.8330890429 9.847055616485079 0.11549617821695542 -43.2155839879358 -13.45726559108419 -45.930382563499236 4.73096170588408 3.4631855907193545 1.1587180990619932
pulsar_92 5.836353001696289 0.3666605103609456 834946.4968335786 9.966698667467577 0.0511651323028662 -13.730137132954098 -45.521744979821946 -44.637314820973664 3.319953742015364 1.0803461977636983 3.0439563427350644
pulsar_93 4.140877116098717 0.8384657503976816 823157.3216008662 9.969778946391447 0.1751471637247947 -44.869916897449585 -16.584653011654837 -44.085386637620495 3.7159346677373546 0.6783550091235173 4.30824954286982
pulsar_94 2.589817259834756 3.0358332050084917 835058.8186122138 10.086348936202386 0.1627623899336597 -44.79383766597246 -45.42276212227205 -46.7650319839299 4.779295244024953 3.9957846000252837 3.4637280894748055
pulsar_95 2.941171888227978 1.403426002733116 837010.9592349463 9.858155274534047 0.08602110697239228 -45.07207152489761 -13.535946064626245 -43.06061254843687 4.377653968397939 4.523837829715316 2.9784074528526565
pulsar_96 0.21981048811879111 1.2263931262930532 899019.2229806476 9.551961603805687 0.10366102011238908 -16.729790714566644 -45.5211126785366 -43.57376655751938 3.4974384615056286 1.6281424482274964 2.040057829862271
pulsar_97 4.042472202863127 1.6580249442097283 854382.9051679195 9.922693625825046 0.07665279120174706 -15.361668941828153 -16.46478845305332 -45.59819764068801 4.410476202839038 3.0669166103098457 4.72407566088803
pulsar_98 0.6220797061192689 1.8208291884184624 874487.4247212157 9.986903074956558 0.1752604496556181 -16.239248416596936 -43.22638746361079 -46.621505841794374 0.7465736543573642 3.9507917528822487 4.754783592661005
pulsar_99 0.8716728057821631 1.622937224823432 878262.2183424121 9.820267689567126 0.0530740422781482 -14.232423583219393 -13.094894312616358 -44.20967116220239 1.6707723832626304 4.471278081391051 3.0208317681459578
pulsar_100 2.785464065712555 1.4127106255784043 894205.9274461269 9.904932365835162 0.0961409666422629 -44.40723099398706 -15.346968643012167 -44.02994851218729 0.25966977744196795 1.2169309684912277 4.672056909515469
pulsar_101 0.5679410972774777 1.6513881931580605 907437.1284222759 10.027531761481079 0.07309261662543173 -15.096557311616483 -44.515683258807606 -46.49318638434543 3.783634720602465 3.1220890395197762 2.3979900829836023
pulsar_102 0.7599950989921284 1.9086444997098677 836544.7905458559 9.935242262861486 0.08619992224535708 -44.17878070386834 -43.72346186552232 -46.33146928435269 1.787771729264671 3.622428004863228 4.550970839541042
pulsar_103 2.9884252536337064 1.4607430002441797 836038.3967449846 10.26055941222555 0.1047371945314944 -14.686136320656253 -44.841685672101434 -43.75388189351696 3.4233405256827307 4.737168164189468 1.2504414663435617
pulsar_104 3.456865183654187 2.6048889909135164 845677.9645715723 10.135727856335082 0.1175726314909295 -45.020499320446994 -45.316317150708926 -46.19043706696685 1.3184974494559594 0.5539293177951803 0.8243749526229611
pulsar_105 2.8755599666362084 1.6614440749391552 785519.9191589562 9.809452915373859 0.1386999003968565 -45.652556532186004 -45.310867714344425 -44.377519099794114 1.6136233178112054 4.085290576512879 2.0992008519846648
pulsar_106 1.2200892919795383 0.35975553470711846 918335.4209980464 9.985958275115633 0.10284604004346819 -14.348693950259982 -14.750642995560149 -43.57174091991085 1.9544902579690457 3.38401961548518 4.82393419742807
pulsar_107 0.8981084462943685 0.8316624304113636 841707.0525959557 9.862157799443237 0.06643620211345701 -43.409664389770455 -44.34652763338181 -45.46242066691391 4.478579282118209 1.6083010086075185 1.478334004329601
pulsar_108 2.401908384757992 0.3186758365824793 893498.9104409243 10.246004170580788 0.04046510532148448 -46.2185460014018 -15.183742086846715 -44.38988680925942 3.7137629815607447 1.2538518252370199 1.92854026284727
pulsar_109 1.4154222723157888 2.4091979085318433 861671.4498587311 10.190079017666362 0.33311500969109337 -14.360760423297636 -13.905645858256854 -45.39735774409268 3.2708790420542275 3.7058300563407616 1.8413220026687152
pulsar_110 0.09925239158494052 1.0188240813312357 931148.6798987342 9.65670813233263 0.09941038794658431 -15.413675257458976 -43.37201436455665 -45.1951005852774 1.34163159498128 4.364164657676095 1.9745735015757355
pulsar_111 1.149306202150639 1.7358345320440487 845808.1147270952 10.047172501737508 0.08787418225256717 -15.587739398657197 -45.373741625851565 -45.44794853318483 0.44995582596818817 4.15581115770623 2.1103197165649483
pulsar_112 4.995319101851244 1.7436218295941195 871553.236820493 10.061290826893021 0.05797223979093239 -14.409256283246423 -14.734858330981806 -46.35140913721956 3.0281459026787005 2.5157420165656514 4.93160711372175
pulsar_113 2.2552240055170087 1.6631029771314283 853280.1299587599 10.208494937022031 0.26294053233600245 -46.81068322272091 -45.41952123412702 -44.762644453640085 1.0699361900921684 1.7298097458850914 3.966860600882855
pulsar_114 1.9036803787177248 1.4674331052444831 866123.1202976212 10.480619506437108 0.1769874389295885 -14.415722354468869 -43.37692178657921 -43.258676055478375 1.7585336610031235 2.6749726363805704 4.033091964503281
pulsar_115 5.134839811704475 2.34325810770035 898971.5768882529 9.940816558980302 0.17070392390616768 -15.27303124672737 -13.274827047683274 -45.867587268290784 1.5682283771742846 1.5862550957590567 1.5097106817178996
pulsar_116 6.12574344724209 1.6000483825607785 894368.6054449701 10.300222862957126 0.08463567380701963 -46.80153964995588 -16.090386090435956 -45.38284737071031 4.176029603667677 1.0036582406315717 2.8743200701118883
pulsar_117 1.0060866603399143 2.29268430611004 899631.9129786919 10.258682403006002 0.07660905207266176 -43.97015930945392 -13.714110439773277 -43.4728227437624 1.8918231431995547 4.989947883422869 4.35067509237494
pulsar_118 3.227615862363294 2.201907150588564 908116.0450561512 9.877697460013016 0.1740850534133281 -16.85216566094644 -43.54700486468576 -45.0806510555325 2.2644116903076497 0.6695192470518349 2.344115603856699
pulsar_119 1.9299705013907325 0.8299863238574947 950067.8385525147 9.923833501130206 0.06352454180947632 -45.73991370271626 -13.46219699447352 -44.78553409889574 4.633593288793881 3.298584072638327 3.5964630730592524
pulsar_120 1.4300494291381718 0.14989215391032346 870819.8582287788 9.989678627129576 0.05449977299921288 -46.74266525246807 -43.984214905297584 -44.14198366309841 3.683209343663273 1.4353328173071191 2.202619228693197
pulsar_121 2.288850972833756 1.8095321555901425 786487.1725493532 9.70213628049581 0.0939876261883352 -16.107863662298197 -44.84769114745983 -46.34048162661293 2.5477457347406425 2.2608574018086136 1.342197336667848
pulsar_122 4.719531524031264 1.536788613954825 856754.8349538922 10.485413011364365 0.1637706642719958 -43.210023696191485 -45.95949900959632 -43.155742442776926 2.8219442748452233 0.4345189770043185 3.673924273631834
pulsar_123 5.038008155832307 2.287549933587184 853945.9294038271 9.98359990066779 0.05494336690146151 -44.51206414872812 -43.47828598500278 -43.14480525561556 3.1790662646925205 0.4771693327763332 0.8454442794738207
pulsar_124 4.1198638815330675 0.937994947835777 898780.5469411669 9.53898403486065 0.036275767354739155 -44.752934764214025 -43.92772251420587 -45.112224952145226 4.260443074509911 0.325672670394604 0.875637692433614
pulsar_125 4.923887959657116 1.2578569431976658 872267.3745976463 9.77875497083188 0.3844943701768496 -44.17228946012058 -14.266263448809609 -44.138408914690785 4.5883717777953335 2.437213998141676 3.2041339401187
pulsar_126 6.009954370744993 1.1951025503172288 882286.8598319984 9.939266916998692 0.049093877037269806 -13.052550026096059 -13.90276136715221 -44.70210642730258 2.050636828055885 1.5888165917429573 2.018526124741406
pulsar_127 6.228662769414103 0.2789591029223314 822057.9748271576 9.890922973338808 0.11287920326704284 -45.951730678610126 -45.17558584432675 -43.90450733521461 1.7253527440004812 2.3047105728811457 1.2748071352114094
pulsar_128 2.3219688152587157 1.9959334251104115 869072.7191849791 9.848077300459115 0.22219697531085753 -14.17609459277518 -46.01438806913782 -46.40199972769886 4.294329539618627 0.708713532343273 4.639141520561753
pulsar_129 1.5049270898518414 1.6233889890577262 855542.205236386 10.074951726086516 0.1376482159491292 -43.04614207158713 -44.430689435007075 -43.1812966333751 3.1175585008058566 3.4292777936200323 3.076961605026915
pulsar_130 4.431826151544895 2.623986646659915 909066.3607118969 9.874526629144963 0.07528337764988756 -15.33461406998709 -46.498267126836716 -45.88538905169989 3.7877338064021893 4.301066292812103 0.9788232986687555
pulsar_131 4.092352094431363 2.9457747604897957 818281.3397971622 10.195832969635154 0.06163841258383582 -13.521768676183772 -15.585061153029109 -44.36090424859151 1.4069617147782068 4.041784681614639 2.7312022135132543
pulsar_132 2.175702852237909 1.1867902043901921 815301.9308117245 10.168405525200809 0.14990482664473403 -16.350797365078215 -45.16337856587393 -45.92979756950342 0.6806400437684329 3.382847299349836 1.3089679837698027
pulsar_133 4.263701941968553 1.5865045412994392 872088.5243720122 10.66674694561172 0.3021282999212793 -44.9099795329756 -43.43191039408389 -43.763917799475436 3.9223810132880055 0.6310782937216888 1.090539946069088
pulsar_134 4.8697705397943025 0.9357508097031171 868135.796727252 9.612796774633626 0.30091397912997986 -43.458711080125994 -45.89182345841133 -44.65575765243536 4.175582162941172 4.825879062601459 2.947284162400492
pulsar_135 2.253614713681527 0.5559518124246804 799727.091411695 10.177931213597372 0.1031787330075144 -44.63815105164326 -16.337860651423544 -45.61551589313926 1.00262648101405 3.7088564248778035 3.318004758839108
pulsar_136 4.935900087168032 0.3806519957917875 887312.3299906679 9.955333902522753 0.07195987697905126 -15.960936147759703 -14.285307142518164 -44.669570073835914 1.2036568095298357 0.6300977636200631 1.4720595881632323
pulsar_137 5.359989202055824 0.46930612267019695 839303.3243000687 10.344981098805155 0.040279260337056415 -44.15324608898706 -44.32544812454496 -45.92009498855525 3.7975253510847318 3.5377892529792927 0.36933565446024386
pulsar_138 4.538400373792609 1.5211947768100043 915115.3311245439 10.163670948011207 0.06550135887344347 -16.054032139264915 -45.031319786305545 -45.11850017730182 3.2412023348783654 2.0667948968219765 1.090006495292037
pulsar_139 0.5601932414989205 1.4131802692127269 912284.1946192402 10.233483789779703 0.2261235479628912 -14.824226518198031 -45.22440923276602 -45.82258433636936 2.65518970371407 4.338146265798589 0.403086015944917
pulsar_140 2.2563446860903253 0.36511678676359927 889770.4475364486 9.694476789541328 0.07441444117334711 -16.410173585846135 -45.491583489359286 -43.43892930488906 4.839706845323847 2.5746684509739657 1.9989487229270693
pulsar_141 1.6888067409986254 2.191210584228924 839504.7175512798 10.547280359037067 0.25684424603289635 -14.352926587667397 -43.79146134782285 -45.766545940333714 3.2888450820514583 3.403284856138052 1.2353903011949439
pulsar_142 2.833866348731694 2.6170968565111137 837304.5559898153 10.103980074951505 0.18050994194742812 -43.91892806666562 -46.22544239275595 -46.31512571920089 4.671027145095958 0.8504835485319955 4.990143788367597
pulsar_143 2.1529993199674395 0.43917224859663245 817829.9324410154 10.043773524243461 0.17988288706302302 -14.267609012764554 -43.00690451083649 -46.207756361486304 1.1996723137957388 0.8635967523972176 3.4548795425216583
pulsar_144 1.1403405942755165 2.7530814922237035 946856.3824129282 9.812943170684825 0.03605845792438015 -44.71777570494275 -46.774644374173114 -43.05435676438144 0.8380060886047673 4.21179991500197 3.7728838544307894
pulsar_145 4.648700751318712 1.3468979468424664 872619.2963429224 9.905473094138832 0.1664070215669371 -13.98779474947616 -45.39671265166517 -44.47224129296869 2.588541588916639 2.01835695282752 1.7906014612069452
pulsar_146 1.2695173825491735 1.923441248896827 864306.389041259 9.992630244225465 0.08673687370429435 -14.896603030781568 -45.70383888810937 -44.60864881895873 2.0622594761115596 1.9040794737315898 3.552235645222784
pulsar_147 4.824835923993608 2.005577424843768 842891.3857350241 10.030447169525464 0.02958921483886511 -44.92887129874998 -46.11836045955435 -43.772549642555504 1.4967043086050256 3.3571765545775794 0.6922572374477154
pulsar_148 5.269218401866077 2.785741697977682 766068.4478586123 10.121210034114291 0.1640611780628172 -14.518109310790809 -16.548544190038573 -43.31297557363054 1.2122198869754746 2.1359055316724467 1.4206482210721025
pulsar_149 1.135879537494709 1.9853493903514365 894151.5743249553 9.346370183571796 0.21264898810803157 -14.447751297171823 -43.09554095395321 -43.39530454489148 2.082784553393463 2.85796002310042 1.415460830048953
pulsar_150 2.004661634430249 1.403260873462712 847283.0106976781 10.371476471104337 0.12982671741544635 -16.24716849494818 -13.423045538561404 -44.76332897603924 2.1871628153297706 4.466392092138988 1.1716774281639215
pulsar_151 4.560780521409939 0.8684556326234361 913545.0527829177 10.28735701929601 0.16550517397227324 -44.58260012685231 -43.9736268839232 -44.30803502384951 1.3587522088751125 0.7333941019135057 1.1866288988651765
pulsar_152 2.96292247228363 2.2688078810025623 875941.6496348341 10.0996831512155 0.1167182663051777 -44.47537330916878 -45.42288658953387 -44.87774781705579 1.7950496076492413 1.5236327840164476 1.3750853306517992
pulsar_153 1.562284099583712 1.3718100989330824 820466.1849433454 10.178158377520255 0.21095581807621402 -43.66949130976735 -46.00006201614915 -43.11031518746632 2.1079030284507247 4.201125791447438 4.076893037941817
pulsar_154 0.02137105203823913 2.1822153872216634 956576.9639550217 9.987106615901668 0.08436765818584219 -16.829270596010787 -14.699816939769098 -46.20414018699368 0.5547482788561598 4.825367775956841 1.1047935559431725
pulsar_155 0.664169878331721 1.4162171640528072 866368.8482025795 9.663995836871832 0.0720996128279987 -16.855552729336875 -45.20197433424373 -46.67748587056742 2.327182295608061 1.5385813162260964 3.979420025954076
pulsar_156 3.714081263347505 0.3023829406636162 904960.4374362769 9.971003895137967 0.027601369139295114 -44.772118049151075 -43.83094731444301 -43.53253015336972 2.1010671397133853 3.369591596010975 1.8448016152180031
pulsar_157 1.2715758988168722 1.0098024160086647 890652.5579966496 10.130268607483407 0.1449037428863386 -15.181647777022855 -46.19728360499849 -45.81271069227934 2.5684549122096594 3.5327732931570948 0.30838160501456907
pulsar_158 5.854722510348604 1.8651539905781922 811696.0701260334 9.792133213817303 0.02143842519874405 -46.021594856810125 -14.005049328833582 -43.71069689170942 2.3828630206319237 0.5831137372484656 2.5332628547240423
pulsar_159 0.4354891367811801 2.9195958660243373 934044.8042562042 9.87188880055435 0.46715383257476284 -13.940782737511524 -13.46581328485088 -44.369748431537985 1.7402325221034536 4.987593283579821 3.2815309891190125
pulsar_160 3.1239750736402088 0.8977230164584409 819915.7150890855 10.262693033833969 0.17708331841411795 -14.518387606486915 -16.090626935238713 -44.99996435632451 4.356726250077972 4.950656231206916 3.292034549570715
pulsar_161 0.5268109028658193 1.7008309685958123 849322.6349456407 10.014007118527156 0.16262848835220228 -13.847283002650313 -14.768264144354081 -45.90268176575563 1.6332101982029041 4.600764647172225 1.8245101682160318
pulsar_162 1.3076714788393349 2.3138929272873314 824043.6279941262 10.356631122079525 0.2475666386538141 -44.322579575713185 -43.580722042061204 -46.56073934378844 1.0581537162939667 3.781377650394799 1.8507860843667836
pulsar_163 0.09209241597820587 2.3822376330421906 864071.7513642913 9.440352373658516 0.06826819124797197 -14.769876858941899 -45.16851774794752 -43.759422464099195 0.6534800984436268 3.1173696353049225 4.331250805911897
pulsar_164 1.7441544064421453 1.4514210591037022 834037.0350786098 10.219821724410114 0.6499017005541025 -44.31649415679982 -15.397588390846249 -45.215773811614504 3.8463457303038595 1.1641523902835198 4.170726307815354
pulsar_165 6.019369165715991 1.6909661824005024 889577.742588962 10.220749489673086 0.07252168536657878 -16.077912711646057 -45.69428637599454 -45.36403815144395 0.44128656973230795 0.31381171960098464 1.4323074691486577
pulsar_166 1.7804657879896597 1.757608475334716 920073.5262085649 10.202083395505447 0.1024540866325822 -13.378983754058943 -14.368229668181678 -45.95714056451956 4.922296738699012 2.8632819940726213 0.9543818395800523
pulsar_167 4.626351993731182 0.681165656295893 832271.5427401592 9.60846487334054 0.16084674256980433 -16.229986034507515 -14.687768745815058 -46.414901143820245 1.3663810019640614 4.401961900997252 2.414024713338988
pulsar_168 1.3292928718916563 1.9193021462453734 894735.8656447999 10.212786200586237 0.017388230633982114 -43.58306310338824 -14.364899749572205 -43.07919104228874 2.9853706965922466 3.025829283034795 2.954239897033592
pulsar_169 2.290200375941608 1.4619434432963845 896619.907140017 9.740231374252437 0.06075326604028818 -45.79153028377466 -45.159040769177025 -45.704651293165995 4.016522564868769 0.2882303770530178 1.4604621865089202
pulsar_170 2.0434646181047884 0.34241601228502466 886425.753382284 9.880837514622376 0.056510558241943676 -46.05084308960974 -44.874886899967464 -44.25989799180607 0.5392210951183357 1.1798685325179012 3.813970665846841
pulsar_171 3.9173869481081303 2.9870166568864867 846959.765499367 9.750577268454329 0.14495576720570097 -44.628750586901276 -46.4872755083383 -46.45244325478407 0.6689477588308186 4.819444147123813 3.409271096066926
pulsar_172 1.3908029065459573 1.7816246276048526 803653.4922898713 10.076091585683653 0.07059863965980254 -44.82619129319348 -16.625854267932084 -43.54847299255371 1.5298801205907904 1.68840408607424 2.6344206974869238
pulsar_173 1.8839574699567674 0.38431282464498207 860030.4506617902 9.964919186743012 0.04163122808256409 -44.80939748272526 -46.59530211739631 -43.012987855656476 3.0895502529312004 3.909259185687616 3.4349683601842167
pulsar_174 1.1497761537974687 2.03698960203123 898717.784729396 10.384223635427274 0.05822725220026064 -13.392864668042769 -13.220596906623756 -44.690673083999485 3.006640605735011 2.0986117237003103 0.7747790125877119
pulsar_175 3.9942166151187206 0.12818937392979762 915490.3630998872 9.800684807065677 0.09450159278591803 -14.204551222373508 -43.86815051874004 -46.984963800794745 1.0405589166184575 1.8673666274700111 4.626940036288638
pulsar_176 2.2029342078222323 1.681417441795706 820918.3356056022 10.142080115146587 0.2845316346458464 -46.93673905414395 -43.49531807050229 -46.66342919650061 1.7622012254165744 1.5302002531189238 1.2808530193645862
pulsar_177 2.732048724793139 0.8188149376370765 905915.2138117534 10.107142485181045 0.08654015049231244 -14.486775306276305 -45.4562363424899 -46.34934215558705 0.6194583700284345 3.070019933384655 1.1984122595352975
pulsar_178 1.4627119184945574 2.4068649773351747 878310.889476611 10.313926558596576 0.053920018987781405 -46.4122329800444 -15.821418343697848 -43.661540751454595 1.5193426734977789 1.5950798493450198 3.6744098005125467
pulsar_179 0.13968153096505206 2.283162822059128 862409.0556121875 9.693714191387524 0.10817006313640692 -46.618201000918816 -16.87717679325555 -46.62902890318449 0.2864720201645362 0.6338679681758081 1.1512955457514686
pulsar_180 2.7840181476266994 2.339735604997677 866887.599149796 9.763868046136984 0.11317708317749821 -16.834070031397747 -14.880026464315925 -44.49326129751599 1.779851308021532 4.366547881375714 4.981982411129434
pulsar_181 6.046214898779999 0.6124305246980843 830813.8855685951 9.818591235379763 0.07740301087308263 -46.286182386598426 -46.22709281229158 -43.681500493448326 1.530829944081939 4.32949024816697 4.138421460041762
pulsar_182 3.210283627357378 1.8172463764325781 871820.8681658959 10.130924557281032 0.11699113205784649 -13.89951566613207 -43.68111467515894 -45.88331674153093 3.3114734037755706 4.079068679762983 1.824765984252029
pulsar_183 2.107799104900388 1.9779189753931847 921689.2208541018 10.355494631741733 0.0367245516034605 -15.285451763332366 -43.74712879325997 -45.514750537716644 3.325935148862504 3.3492322888285697 3.694311557166752
pulsar_184 3.4355464684014416 1.5551696679808817 863806.3510636851 9.812504341643391 0.13384172529979657 -16.281116537738466 -16.154481639885194 -45.86770371453214 2.0312455340590985 1.3535190717457708 1.0699565432716225
pulsar_185 6.188480866908637 2.012433227697713 929962.2059639198 9.685325605461818 0.20065687187064982 -13.455273580175875 -45.467285439693356 -44.38756734957755 4.92906554017177 3.4396969077955064 2.942791346021405
pulsar_186 5.6705217420297895 0.6488116726165736 821146.6081863769 10.006679835922641 0.07161866709717142 -13.610979164778868 -43.88093972668884 -43.588271803232516 2.804619893734152 4.0269316165072695 2.710527972216615
pulsar_187 4.187099545981636 1.8005773177711706 848348.9329630206 9.740995685698485 0.1466853316539553 -14.029158538419203 -46.99506546330628 -44.68218673504015 0.9116923266839119 2.2680969662400243 1.7956379938213014
pulsar_188 0.9675569056409004 0.934645925605552 861238.4841850584 9.929847824504401 0.039356798155985744 -44.19299811680353 -14.010449388487775 -45.738353370811566 4.113613683988519 2.7465228532943486 2.822562083616523
pulsar_189 4.603048392782065 0.9518134029190168 898925.1895838744 10.166035223909399 0.1985090363380728 -13.27378428331961 -44.726605844941346 -43.24247926240353 4.743765246962318 1.2615267356012652 1.2563708457801706
pulsar_190 0.468865695696752 1.7075939368042365 866329.0385627968 9.874060311056702 0.044682854542332354 -15.833057178197887 -46.66360493937605 -43.972453276609514 2.379646545295796 1.317689002617462 4.2594760561000875
pulsar_191 0.13575350650822324 2.051862096864075 939300.0890520844 9.566050238200088 0.06050477287774783 -44.812282960374304 -43.86335293053344 -43.54942854227288 4.983688158654936 3.338010747177265 3.7987753679890766
pulsar_192 2.1514949592510497 2.3746158944491866 902339.1994901985 9.794830644017164 0.12943527037849822 -14.741869410782986 -45.49775376723045 -43.92281871949152 3.7113883023368954 1.8446615886860027 0.7848120116318568
pulsar_193 6.25523125092494 0.9702943902176181 866354.2122958647 10.211583257655496 0.1044137004893174 -14.420569612175592 -45.595269560369935 -44.03969746925121 2.6148866900065633 1.0026321138440406 4.186666119601374
pulsar_194 1.1963950001300114 0.5429702262862656 865670.0057802922 9.790805133869489 0.3298592021824478 -46.621011575872586 -16.670486775368175 -46.98531905231652 1.7610304985308247 3.9765300413082008 4.148870972890503
pulsar_195 0.8647991624998952 0.5305021807095556 813857.2737458319 9.838487878123072 0.04743328269256721 -45.46516222371099 -45.46119137730533 -46.50440436531489 0.4121392220156571 3.1361705418320907 2.8285178271708737
pulsar_196 4.1154439231917195 0.6932827044860003 881821.4832742468 9.774289014908536 0.06748832809383534 -43.633516235554865 -13.112149295337579 -46.188495381363936 3.8854758629714303 3.7895724838447387 0.7532502688210115
pulsar_197 4.301504878364745 1.0635797628377848 801689.4179752723 9.565022079100673 0.17518808979877537 -15.2224433113398 -15.111398202258288 -44.37824577499382 3.4008630957137678 2.9440313470253496 3.1954670662269775
pulsar_198 5.014880716800156 1.6892894169520205 862935.1127542165 10.219308162183546 0.0768462034017271 -14.96256482629389 -43.091085199116314 -46.82265845554626 4.76509192277764 1.0824611744922374 1.0241200641130788
pulsar_199 0.821919591446248 1.9345190886245365 883161.0629780602 9.909160351435055 0.21159776895529364 -43.902226959778744 -16.06091680064839 -46.675975256179846 2.9005905760456114 0.7670399782127801 1.5062361704307072
pulsar_200 0.6097280151187218 1.7679038117575887 859493.1769334959 9.804516316763118 0.03445087010309834 -14.170289275130134 -15.365239955813522 -45.36072148694098 0.5525363607015567 0.9163179898358454 0.5846508213178996
pulsar_201 4.031455251584946 1.225632393609929 832149.5835055293 10.157240785293956 0.10290468039142003 -13.027978525393406 -13.820144012545699 -44.219528931169776 4.508343667220494 0.8396692012169849 3.7799318245331213
pulsar_202 1.0025549571403964 0.8773354038301437 883352.5565712743 10.306745647515763 0.14583988155585806 -13.728014184745598 -14.457200824967849 -44.912564966002876 2.4730589674524284 1.9911096570198539 0.3046679680797639
pulsar_203 1.4033839022053949 2.7715711596182637 861069.4502588891 10.12436105261981 0.18616422760348733 -45.98498514691043 -13.731498806391484 -43.364381438568884 2.574163277881497 1.3489541029016288 2.8011482963945715
pulsar_204 6.036005709603857 0.8532246906950904 916106.6234067715 9.495963923700177 0.1316415784313555 -16.0493180030232 -43.74690590289913 -43.96727637854407 4.196565196034808 3.1091486517014264 1.944250745439294
pulsar_205 0.2797591596020345 1.9866778098534312 923534.9819345872 10.201161958646498 0.03985843592883298 -13.618799813147254 -46.35430997326128 -44.17944207538983 1.4164951002200585 4.376220456295342 3.63717725632415
pulsar_206 4.30015377706561 0.9958835718620317 835671.0659047886 9.938973441473431 0.03299780746799944 -15.34014659254867 -16.417501457339885 -43.27492941306154 1.826584736127925 0.44878648895035544 2.4724283386052917
pulsar_207 5.6795057917488805 0.7693989070922457 908245.9093179369 9.921013807481785 0.04528861442832522 -46.44439321601327 -13.489942340741118 -43.27430388512082 2.3572552929650263 0.99139852921254 2.3450770248062445
pulsar_208 1.9253152071529729 0.27193428523165153 933869.2290740487 9.90130086681736 0.16810313856560002 -13.51630665734499 -14.49011313098515 -46.87404378416839 0.5620857948425213 3.6820985375601043 4.3381731576002664
pulsar_209 6.0467369850466675 0.38182980902071245 854563.091738171 9.724632783130026 0.19900335485230825 -44.82052146000869 -46.3896693319585 -46.81326352195828 1.1291646063595735 2.0435818356062603 2.3430189245618385
pulsar_210 5.143072564400497 2.2888360130511196 903382.9872303909 10.127383788694626 0.16811409773253586 -44.437227523284655 -45.6992558487442 -46.294196909060204 4.747468965111207 1.3066233717526219 2.959429212149554
pulsar_211 1.0271476675757913 2.6683707035615862 844446.6443394908 9.791474413195889 0.23607884873259855 -43.459059908622294 -46.67790550347732 -44.96893537954456 4.664831398326637 2.805542986568662 4.480840062242496
pulsar_212 4.391848730797126 1.5518186501568974 861958.6477509188 9.995612034492996 0.08165614619787753 -45.31073969362231 -44.31027914008186 -43.12795842301175 4.590519297215369 2.623157308455506 3.7363401652085586
pulsar_213 2.742993165776625 0.6669421024218469 845687.1556354722 9.43168554761749 0.08641980757742833 -13.695164328696485 -44.548642287699224 -43.72365310918312 4.128585900514153 0.28045522576877124 2.4547618031844145
pulsar_214 5.651122252874341 1.9215793233783693 887066.7661477794 9.802021015837541 0.10633281384804004 -16.265473010739626 -44.65419541478751 -43.287994508619434 2.601017935205788 4.73467094099842 0.8927707584584152
pulsar_215 5.47208815796116 1.3589485179753213 906429.374196057 10.168696622780297 0.05143752881769055 -14.964795725516199 -14.258728050811243 -44.967537957576425 1.0377244622390682 0.7211235646282014 2.0081459807782327
pulsar_216 0.5763281099653226 1.2823007010563832 851448.1531839153 10.20681696624845 0.08071708969924277 -14.287761277937129 -16.91509232343126 -44.42600025738914 4.640217476788302 3.1299737153012566 4.497963684586175
pulsar_217 3.3982796659728516 1.103579513920318 863632.6703032504 9.7856490398694 0.019719105216936268 -15.022823763663219 -46.26879514311696 -44.33815825040772 4.168649716526265 4.651069446379227 3.819174129225564
pulsar_218 4.794399216461241 1.8502892761550704 889982.587553873 9.860156758909232 0.18872295881042953 -14.673494539708726 -43.54540308897394 -46.163649547773396 0.8341832852573141 3.790007111569595 3.1410562985813213
pulsar_219 4.358921374900075 2.0111495017422025 882188.9644840235 10.550028012546798 0.15740704240325062 -16.27927580070352 -46.16385542105248 -46.337318644148894 3.2067120528915884 1.454456525330393 1.169542501986293
pulsar_220 3.155849029871838 0.8532198235491248 835903.8949667623 9.658733942431079 0.4963565890222156 -44.72908374063878 -14.644343993213713 -46.64111311342343 4.0670848601681975 4.06345634328197 0.48400568611971057
pulsar_221 1.8412126223886485 1.8479621221398352 914599.2809529068 9.858884795950221 0.08582770342773055 -46.399787069200315 -44.386155502235226 -44.84755352779895 0.41082615094514097 3.6202564786759637 3.3082138155816057
pulsar_222 5.458402835191404 2.665595745921386 809434.8298162427 10.193854383178678 0.15096188589042817 -45.80878840021741 -13.450051588539635 -44.23535228462811 1.7865095092905197 2.1853590792707616 1.2079197825802361
pulsar_223 1.144445313946059 1.2831651927255923 805135.8575148088 10.290219854780066 0.04926864538226694 -46.99184427718771 -44.04778970646333 -45.7473514887249 0.2823136469581724 0.9675495589607014 3.1105704423912863
pulsar_224 0.2356144760775657 1.7516356026983761 871201.4451905498 10.493059230938345 0.19494193317606687 -44.2790283768351 -43.65758352604958 -44.67273408509041 4.338151576257545 1.929295538403434 1.2012503475705407
pulsar_225 2.4397193854599304 1.0155211532112391 854369.7641466489 10.322361002817308 0.08056528439212102 -15.574288422572408 -16.172542520722704 -44.441212470228365 0.5780184818096044 2.760264614122668 1.165412447978447
pulsar_226 3.649589244251126 2.39193082899798 845532.981665583 9.93494815594886 0.5568519850537357 -14.550170738183429 -14.025272216130142 -46.505037526209215 0.6737659163852716 2.1661212503021563 2.765721682293339
pulsar_227 2.7067772796715497 1.4361958492824851 809666.2574815508 10.120101778172092 0.034231919778832394 -13.34805779185347 -45.29923646613936 -43.100490916933055 3.7651675896629118 4.147024883011758 1.4337919261683765
pulsar_228 6.066260446348501 1.5689087631214582 814241.7199303779 10.02168836624792 0.6395144624827512 -43.43106146585087 -16.663641958477434 -43.68939434191689 4.957745473137005 4.089046720713493 3.710308422032643
pulsar_229 2.749537302903344 1.8409459963289723 886360.7466313099 10.176199123612346 0.1838547984968822 -16.603256663648285 -43.572343282304004 -44.50401470399649 4.561781372192777 0.25652264558975524 2.3360705647140874
pulsar_230 5.647274104043221 1.7319581512316307 894200.0788259085 9.61465050610961 0.2899848186231434 -16.44179717462337 -43.91473364603102 -46.71845088996635 4.186289705691058 3.7415823233641397 4.910684711773285
pulsar_231 5.368877648011612 2.029915442343957 894797.1501163866 9.765064350946021 0.06604824582412464 -13.7574542438786 -44.98076151428623 -44.201823508741626 1.9961880952649786 4.599748435770843 3.2437321250316
pulsar_232 0.9244210288089878 0.4804682973308692 881173.1486323503 10.564350021488726 0.10334397365805814 -43.37901419104986 -45.990979346477516 -45.45856956466079 3.5839635356879262 0.4366321502217648 3.8105569567110016
pulsar_233 1.9459038287326886 0.5388579179213624 857155.2762667082 10.106902177823171 0.20885689033424232 -44.00171247150175 -43.02151250713436 -43.97148243682811 3.6567055926715573 4.521546126238086 4.899347810725889
pulsar_234 0.14079007010603506 2.61322351151117 892375.5181042572 9.765214588814514 0.054932677673007975 -46.25594738301898 -43.71700524680605 -44.63192599317874 3.550611206178422 2.765787852553072 4.604096288969857
pulsar_235 5.070876188319926 2.2868820499780513 825898.0520827099 10.675978975125176 0.11382273675046392 -46.76015124084745 -16.925792531586406 -44.69215023580938 1.5416730882781637 4.336689367679365 1.295032154136262
pulsar_236 0.6780930272410854 1.4952024829452808 851603.6289716848 9.751435792139997 0.11368753630492145 -16.91401267696542 -45.82342134838114 -43.1039646801603 2.407251866003633 1.2606071159136067 1.0466106016644434
pulsar_237 5.708725475454009 1.8347388513132152 885771.0622753726 9.984012299215369 0.124438797859603 -43.92870368454144 -14.762897939644727 -43.62618156342615 1.451534444392494 0.9645867759791001 4.2766948704029595
pulsar_238 5.431958480945461 1.0843025836345508 848396.3500899819 10.331162684282328 0.10809621097090695 -14.916533698720803 -15.029793352732307 -45.53360871822782 2.9659903738459965 2.5086932797472494 2.8911637652509214
pulsar_239 2.7571448382873194 0.3791153617496068 912546.3214387556 10.03853833372122 0.11323546929561756 -46.893295676800975 -15.57848531308862 -45.144346731493144 4.336667817719366 1.420962054660726 1.6977951971409144
pulsar_240 5.006717800439679 1.7947591932460205 825213.2790429216 9.975184250877335 0.0954215559425493 -14.452647021524582 -45.10574122636322 -43.71818573862072 2.485770983433129 3.7300013217684556 3.7982840281411345
pulsar_241 5.326655217406422 0.9055602349015067 847701.5106104724 9.696308011410197 0.10104485780200648 -16.945882706578473 -16.083520205855294 -43.78879989426112 2.3772853561231284 0.9841255788839782 2.3493939248912983
pulsar_242 4.83814473560671 1.65649093682554 919158.0378377751 9.764198726736616 0.06170452789841599 -15.410710292123971 -46.45073469621461 -44.50535943517015 2.9701208104880847 0.48857429508137185 2.651263431774066
pulsar_243 5.256958282750962 2.011443057642901 953361.6761049283 10.094312615276461 0.11487137612226875 -14.121412058295915 -14.314423817105698 -44.88009951140104 3.1756424202594107 3.902176553141229 1.567186671390488
pulsar_244 2.5369565181392653 1.1104565513164015 860039.7183379773 9.820065047849303 0.2924831441197791 -13.604676481205315 -44.58877323607675 -43.94183211069648 1.59335551398962 1.5536307295280678 4.10609409223954
pulsar_245 2.8414392868699694 1.044566724689699 857091.9708714766 9.953631006622835 0.09149660512082411 -45.24099259569487 -44.52461345809867 -46.76485504196416 4.676910111921716 4.064819398169989 4.455157058114584
pulsar_246 4.859334799217468 0.9799613630537745 859274.8201952775 10.009110388817183 0.4840846569183977 -14.429282721920089 -44.948893951687694 -44.3208953412024 2.160607983464333 0.9077112398816453 1.5094296232871653
pulsar_247 3.6823822066187297 1.4935757567221133 861203.2773617879 9.795367632896912 0.13998812183826728 -16.426398962442654 -16.945737963085197 -46.342549341893246 2.5843973102464965 0.8665515221657816 1.3472018517091826
pulsar_248 3.820407327883074 2.0765357118401857 971140.0646678342 10.115758750544307 0.18212268975429727 -13.516783744023604 -46.40400385149644 -45.50357692442094 0.5742010950508144 1.5795283108325031 2.737972545633415
pulsar_249 5.5524256634177815 1.4225645796055097 887404.6483269657 10.07717967567499 0.10085431353729861 -44.641060230953165 -44.79667463610962 -43.134670231765284 3.9359537715288897 2.0964073943861345 3.558262177885037
pulsar_250 2.810990351691413 1.9634055909622428 926672.0917835557 9.969464355271445 0.08797504309148779 -46.8217429703799 -15.720535826418553 -44.95062457740516 2.9328021674214115 3.701182828636616 3.078843363895016
pulsar_251 5.938726104902491 1.4181559339937886 788690.7619841337 9.984426774847039 0.05651645131483628 -46.60107374043152 -43.788368904226445 -46.515402828271036 4.4225144140672805 1.8871588947990554 2.4119004270602806
pulsar_252 3.0925905801186757 2.7683744043830263 891931.6701555974 10.14681099211002 0.23020630874868403 -15.274316237068561 -46.06661803990852 -46.85106411686906 4.073179446806713 1.8169976897956197 2.311319434761347
pulsar_253 4.702669738856156 2.649818171360081 890035.3760149268 10.193683839625777 0.042462914723033596 -46.879105774980104 -13.843562976887005 -44.25203694885634 0.3865486498159706 4.055840655134075 2.0928481893576234
pulsar_254 4.421468547108274 1.4543837204486016 810429.4166637763 10.120682643924699 0.08724133876218777 -16.643648381154893 -43.87063972381804 -44.444872159055286 1.052976655790149 0.8972723330993861 2.931109305305839
pulsar_255 6.192606845232459 1.6040084734176654 847637.6779908414 9.865546835559229 0.25817642887709563 -16.139023484817717 -15.4401535280068 -43.47595205523397 0.5809539806547392 0.4511166125106716 4.116008456045822
pulsar_256 5.791857756225895 1.898531887654195 971199.1599458768 10.192347002592289 0.02538948737826742 -14.205546754891364 -13.797577577254277 -45.25206487247394 4.312605509954525 2.5729155082651336 4.7202409036328135
pulsar_257 6.019922622164581 0.876965498072665 848242.7333275944 9.926013703302052 0.13655513732463706 -14.780683737066228 -16.339739424055992 -44.874948448555415 2.862837580226936 3.2331322566416594 2.8621248487096755
pulsar_258 4.094143824214112 1.3120614680509488 846429.0283267987 9.627027608064505 0.2543404714743909 -16.919260513099406 -45.77102048240388 -45.78273044786594 4.710803320532042 4.799512006489246 0.31906431811393987
pulsar_259 2.6123140082449123 2.937364532463158 815824.1455187139 9.885044291386482 0.06945888594467765 -13.597451801312413 -16.562873130069363 -46.57632423330264 3.74251867012006 3.8154252707848033 4.2884639429820375
pulsar_260 6.256132557552722 1.2136096619513286 831948.4143713099 10.192453265428703 0.11954302684987074 -46.91492407520186 -45.25002112235013 -44.83805193963468 2.8199708821435165 4.2058279314498845 3.569034450558162
pulsar_261 5.23308950595752 1.8252665667436663 879819.9328391479 9.870044699908435 0.058092576518807684 -46.9569546300059 -14.04571559116183 -43.79167340384806 0.9228940929566871 3.629084161069429 2.244641869535571
pulsar_262 3.790844510739057 2.2067696993563692 905459.4010393587 9.805114111625233 0.23318673765738931 -44.43441587303079 -44.23240046506793 -43.57454063270401 3.135572562155357 4.296448548817806 3.2942592770271433
pulsar_263 5.0796882641602785 1.3519610748932689 863050.6689284141 10.372430479079863 0.2076337940286529 -13.365073545018038 -14.378134891203477 -44.042110929959975 1.2961913839501051 1.9959689643154959 2.2188139702444363
pulsar_264 2.950528920015742 2.5983901307867874 798463.5755581345 9.97844021665359 0.06353126025239268 -16.792707469300268 -44.91998309980714 -45.74644572829183 3.9473437275357317 3.7244555645989945 4.263643820423092
pulsar_265 4.228789190769232 1.6576338672484785 765593.2618703959 9.80743623936319 0.07208734053406246 -13.406759962544736 -13.978172049688144 -46.253115899626 4.873673942253208 4.662926190992056 1.9898498051969138
pulsar_266 3.8049942292892602 1.5409649951117763 866659.96912507 9.903248682116166 0.08979768856327454 -15.525118628043868 -45.98823141968105 -44.79514105594558 2.795650857424415 2.8985442423936867 4.685335631737729
pulsar_267 5.168647114573304 0.22346692527223444 833228.6047366936 9.877205253501321 0.08866947432822418 -14.315519255281307 -14.84331336730477 -43.55447631464202 3.811904765834855 4.19037543546005 0.6587711266582673
pulsar_268 2.6860834308056027 1.0739106375857401 832686.7306149179 9.750766143073209 0.14935504644370265 -46.60589710746038 -44.4650479765719 -46.93283003254858 2.2523022919201825 4.2045817380932995 4.128789642069933
pulsar_269 0.7615295857465275 2.330718777423805 865939.8003311211 9.9503264202928 0.08821031441317315 -16.24111198947144 -14.457518262654414 -45.0006307053832 2.3266584721647487 2.0325690604489384 0.823238982370365
pulsar_270 6.211958404426344 0.5000043503783959 879883.9134470861 10.02192469014226 0.02471890602543964 -46.59453823581751 -46.09907561296201 -45.68805898903109 4.274044934280379 3.401910107509078 4.437993028878968
pulsar_271 2.4104248623410633 1.7043365324466229 830242.1018541395 10.285674907769 0.0631311344030728 -15.08860084166618 -44.45149331371499 -43.221102658547366 3.6431552901919235 0.43992402716536055 1.0745984648313913
pulsar_272 1.8571702200778542 0.9021153729977041 881230.3798691793 9.88199494815626 0.07525433345121418 -15.359466877421386 -13.549738698750918 -46.46711191444514 0.8782051612033286 1.6322353953946032 4.0181666556765645
pulsar_273 2.767036596313628 0.8006471146468725 880963.8037256203 10.130324123926975 0.044926278170485584 -16.789103999539044 -15.21290674563286 -46.13574750869567 0.671233252030736 3.8703918994382764 4.7389780058112105
pulsar_274 2.7484540740182775 1.842316832702827 822555.528395457 10.422453793735164 0.07926924211917795 -44.730792547852054 -45.94652076009879 -45.54958488694826 4.091547693820443 3.977506737234768 3.9601449209837534
pulsar_275 3.5970589036022496 0.8618923694897461 858112.6414073802 10.332330437864897 0.2440186219428712 -15.50444554246243 -43.330222070271034 -44.908725931142065 0.6759358932562125 1.142165854144902 0.9431300865549961
pulsar_276 2.8444963617712298 1.1799575079369324 860452.3216020467 9.663575510741355 0.399059885895915 -14.990798466405359 -13.274373794220715 -46.4580346609437 4.471696714902256 2.712928499965983 3.4128302304920886
pulsar_277 1.4345162743015032 1.8325123715915985 889134.321398819 9.824201082433738 0.16343647749044457 -44.2249460425993 -46.28336021778013 -46.276750910007536 2.5315042339321585 0.9133728159731631 1.2418629875014902
pulsar_278 4.145518897624541 2.140027494785115 816608.8209830547 9.720098272137077 0.04656593316164953 -14.348148253854626 -16.01800799322128 -46.46306834071062 0.7054083179854501 3.812048298598297 1.9513557906988697
pulsar_279 5.903732390896725 1.5667583753280734 844918.955518644 10.158638904008518 0.3188060945567591 -14.232917008136829 -44.55809812906349 -43.19572458203491 4.911588203738965 4.8987942340194905 3.917235453703446
pulsar_280 1.4730199374834219 1.9063365907597656 954125.3191331968 9.90667597868947 0.030386850574604593 -15.058315473442178 -44.99547942492494 -45.09771814050307 4.38421220197158 0.9193533270713152 2.528765827989182
pulsar_281 3.9745957158170873 0.6216217848647987 867149.8685544624 10.007324416152686 0.06843895725708707 -46.627126078536975 -16.546006697861397 -43.49285173552158 3.7948385046876782 3.289994403951804 3.1164503573960527
pulsar_282 0.5923230385098688 1.6785325254284593 845267.7268698097 9.7011707041796 0.06968817117649394 -43.97660979354296 -16.116044424320613 -45.93182258830107 0.5817258259284985 1.503657639282023 1.2059292232798358
pulsar_283 4.051198785141168 1.548892198671424 878113.3526015593 9.375779809546797 0.13226211736743415 -44.23243715916696 -46.912156613720725 -46.76989271133969 1.8557167967013921 2.547591187230672 3.8067354099747237
pulsar_284 2.004489836333032 1.448158217971789 854609.8217652094 9.90014574263696 0.08080835694438813 -15.43850373958653 -14.54915138336884 -46.30537233006964 2.93905044006908 2.476002292035343 3.930452790605532
pulsar_285 1.488831776080833 1.6067806618635676 868137.5802368547 10.063990866141843 0.2453621640001186 -14.892974633732031 -13.950847735440849 -44.656461381310585 1.0116734273650232 2.6701588914050998 3.454841905295863
pulsar_286 3.596077638518095 2.979047928602063 911336.4205508549 10.483229838581906 0.07081805579630504 -14.319970840406105 -45.98392256387628 -45.85917610456633 2.444010689937091 2.852275945564258 2.243432275688846
pulsar_287 4.044977773142055 0.4627440183543333 836703.2420969637 9.963311156399877 0.17376209618473512 -13.457736217193158 -14.136777216484704 -44.37946795382207 0.968802007970416 1.1924072422959355 3.4494305385544712
pulsar_288 1.4386598600437486 0.7680363636800901 872628.3465212284 10.07284430406095 0.05882145698892464 -15.743745773451865 -43.56631055982379 -45.05708034916792 1.1978865418920601 1.3001563914333163 4.329227622264294
pulsar_289 6.113873586820636 1.3371656340182023 878815.4389493227 9.728955810436014 0.06181090190769929 -46.185702601741625 -44.59058516230289 -44.59111884604949 0.8994693606785342 1.9413587250167892 2.2887816076310985
pulsar_290 5.756675537768542 1.7696464954637117 844788.4739756294 10.041187666612563 0.20342861096328854 -16.16431733249526 -15.4446587449482 -44.19434178733773 3.4031822905155615 1.7059930364810785 2.723128381359899
pulsar_291 6.101630075412033 1.7999968887556566 854018.0863603366 9.832447299414877 0.16647936943683445 -14.707275999309129 -43.096890522872485 -43.92924004394227 3.863799370571864 3.2957527151916595 3.998408747275836
pulsar_292 4.1016216542554735 2.4816930432129465 873105.1280611844 10.256220793682333 0.062520561685078 -16.891176496587605 -43.00080922478262 -45.475561020480605 1.264904688078664 3.7800022796259722 3.2414735147299734
pulsar_293 4.782928064079327 2.183317059036263 876948.4006732345 9.964601982391905 0.06818190500721501 -13.554253016688126 -43.52769703390017 -43.37422121816424 0.5215609745260926 1.2298886641729134 2.0499530694666097
pulsar_294 3.814994147384222 0.8396491303531247 896389.1194033757 10.081905687466698 0.08501002101620517 -14.955881965964688 -43.792134489664534 -45.16947833944137 3.5954877331708843 1.225996041884866 4.870775778764159
pulsar_295 4.862613135572104 0.8071432231696621 931670.1386489243 10.422706330759189 0.0880699307871547 -14.099179723109618 -13.579354015145324 -44.202160337167015 0.5184662561955975 3.3343078000019375 4.8455474940199155
pulsar_296 3.6487582064064856 2.20376567741438 811149.6547399119 9.935176963172571 0.021489598510215695 -13.308172681334607 -44.07377981882423 -43.58842260902209 2.957950677478892 0.5941471159174517 2.4440502085825555
pulsar_297 2.4725196088595425 2.3672935223343505 860757.7085475589 10.107643734942831 0.07980244531923072 -44.86230503009407 -13.530727502396608 -43.64136176962244 1.8572404831525515 3.4692592959831527 3.2032649252684666
pulsar_298 3.413802606029209 1.1419509561404504 828227.7403584145 10.090928235662124 0.12328982800168178 -45.855511312531846 -44.97437308242388 -46.34921942525581 2.6690291148015977 0.6768865416029892 2.1102354013127194
pulsar_299 5.002819818240751 1.4872777674633049 831131.7659170935 9.862206792732831 0.06207907663479811 -14.16659289537367 -44.60379746419615 -45.52659303023077 1.3545154930244085 4.38215236655138 1.0466606692174132
pulsar_300 5.3799643163321935 2.178209640566377 856047.1964627877 9.798394936857024 0.03586804395876323 -46.22055471961289 -46.6257298484243 -45.79557404547603 2.897864390923435 3.539347966091641 0.6786265353198669
pulsar_301 2.218202844896991 3.0828185096724257 840847.646687128 10.088315123342827 0.11759260718362334 -15.248565081592474 -46.27929446549513 -45.50582212528522 1.8654086155436593 1.135986780075731 4.495303040665131
pulsar_302 4.844400079751723 1.0137688608270927 855485.6659494381 10.21183542512142 0.04083008100624395 -46.948834924446615 -44.571917382472854 -46.19972024757032 3.840949536044014 1.2757651265725831 4.899246704019945
pulsar_303 3.5277250182154214 2.419455696725746 886165.9590469361 10.270343415998202 0.08324162362045281 -46.700694540860134 -43.62936984373066 -43.81910715626294 3.8974580136723866 2.8715455199481155 1.2403341702677984
pulsar_304 0.9484397633201137 0.32341533172461456 856504.9138670395 9.734346461571258 0.08782204132417833 -16.56842169077356 -45.35374075251885 -46.22585077246352 1.429145447159346 0.2582103723099358 0.9745897645914582
pulsar_305 5.478557581824315 0.5708921388914274 804026.7270480897 10.119026025749081 0.20040416712079842 -15.018817142210782 -46.234235250269165 -43.869662629310184 3.22559960879032 4.383243066049385 4.7158629407590205
pulsar_306 1.859201729481 0.5292422397950239 865299.1593589757 10.092029349062262 0.06022982551694929 -15.441282883212896 -43.27242497445459 -46.376829634791434 4.76047992918778 1.5097713105066763 3.9310468833187735
pulsar_307 4.257590955964056 2.437032190851426 868482.2958457925 10.478921851345953 0.10643568632305342 -16.619170590641225 -15.009944855107296 -45.60025538576964 3.4202598735066827 2.5114674820841696 0.7205087549277609
pulsar_308 0.07530751507714337 1.9242944523559746 894735.4044388878 10.29941049557681 0.03765209967369288 -14.547476205807222 -13.009249724829738 -44.334920856596085 2.0337012372302183 1.7739356685596293 1.268887193403517
pulsar_309 3.242464261703845 0.9130593059301934 862470.850674298 10.027348741700681 0.24929580494949627 -16.95056732751311 -16.722214679144027 -46.89454816143352 1.455567790414973 1.7166787808657051 4.280572703396612
pulsar_310 4.065862345424687 1.7170221427100198 864989.1363588375 10.553092894905081 0.09058603756522442 -45.75558435163388 -45.546515704162964 -45.012641542564964 2.5805846181284466 2.893067143807424 2.577813530908311
pulsar_311 2.6101602236357846 1.3515266980773828 849140.7803640886 9.765595501476142 0.029858220873089376 -13.484567352382285 -45.517441733887296 -46.84727334636564 0.46929101133494877 3.0023200521598388 4.691735048406866
pulsar_312 0.05948059008534816 1.1077904487438124 857704.9927586785 9.932274357859187 0.04808648230646775 -43.1179264587217 -14.072045788919416 -45.39143141848449 0.3473716796957956 0.8259467550167396 0.6384402990963853
pulsar_313 1.3312321272711212 1.3651844691774975 847555.4832394683 10.099583831030921 0.24749766112180155 -16.128590941856253 -44.351515386661305 -43.70282655893775 0.9675678207800816 0.3665724714151867 4.2400267588626654
pulsar_314 4.132383138521922 2.3867155667125735 806678.7476078069 9.937519209053708 0.15639188364120798 -14.671774102479041 -16.798877169495835 -46.54942442269129 3.0470791726017024 3.9686012630790644 0.8375834636036037
pulsar_315 0.7122042840599889 2.045582012081219 799583.5893365367 10.061526621867529 0.08180393267653877 -45.351406558318736 -44.83541460581231 -43.01733052077478 1.26854526260766 2.2015948135166044 3.89335366761604
pulsar_316 0.482861351317343 1.2781721861878583 794752.0566861884 10.102813240216605 0.17276236329243647 -14.498594283982749 -14.560350852788286 -43.41312950905342 3.3806530098970713 2.86108123325723 1.7303585396685777
pulsar_317 2.117769980128867 1.1985131362063366 858334.1115725025 10.165076920988414 0.07471193892869468 -16.980748026663264 -44.04542810589636 -44.389724184674265 0.28551912593863216 3.919271893145737 2.8961949215819227
pulsar_318 3.26458162313637 1.870675849840857 836590.4871960958 10.113908692932137 0.05640039062009264 -13.53828847313079 -14.297366503289354 -45.68527275703593 1.8436790538097114 0.7758468308758443 3.4814881615096156
pulsar_319 4.69669123267472 1.6441832866018542 879416.894767379 9.961589031508781 0.06627743266953484 -13.953073234985963 -14.173947993041805 -46.06319217661965 4.093445325017537 2.8931752582872865 3.448611554504988
pulsar_320 3.0095754211596537 0.8687589230144278 905645.2849564954 10.314600217091296 0.06659475901922134 -14.301373821264196 -46.893624907816914 -43.656733856423784 3.135674056961238 1.4722249043017686 1.4508197551527655
pulsar_321 6.062759095534941 1.4470185738758854 866552.4176480853 9.671459928244634 0.09432229621847973 -44.94072731249565 -13.356714262655531 -43.42274233168379 4.700664141077778 3.3310179103651016 2.331768150942815
pulsar_322 0.10641647940136435 2.455268089024458 829310.6260820065 9.869967404017872 0.13397175598150635 -43.490438055609765 -46.76274297496137 -46.06696674984552 2.1396239871699434 4.364294008309753 0.48249496469305353
pulsar_323 2.4056945613918783 2.0458627810216408 778413.1625438138 10.023250179330189 0.25549044636389456 -45.816460877016524 -13.055447696546441 -44.531086672697896 2.2990825791411877 4.723350704143037 4.402522808053775
pulsar_324 1.0929445813423126 2.3086489961716103 912337.1590869001 10.298293225034534 0.07514415485351007 -43.65315513163344 -46.30326928769781 -44.95352451895256 1.6587800181442218 2.932484137724092 3.235443065246829
pulsar_325 6.02482743924619 1.9186734379077597 867166.669098786 9.554276281993076 0.09700815965015115 -43.58565521916583 -13.922464069465219 -45.896751752275236 2.537878566730115 4.871500482790143 2.524329973258656
pulsar_326 0.9512610812970502 0.6840860718635349 908323.6928150747 10.481936160281627 0.025146634301561083 -13.293629749642491 -13.872540593387749 -45.753336228952776 3.848590506333841 1.2601410332260585 1.4464796377456013
pulsar_327 4.925687446689466 0.3895017024319033 875800.4667997399 10.317768991848094 0.37219526116299356 -14.564558853596546 -45.09104337592247 -43.97439748880774 1.7213791559177438 2.0155624714334066 3.363350073631837
pulsar_328 2.3919158519362527 1.775903118167855 923111.381748352 10.44139689865377 0.11468254727279074 -15.32307591504161 -14.929478606365377 -43.239991659036534 2.438271757758463 4.6058046629360065 2.403153020475988
pulsar_329 4.467110328262183 2.0419032128093857 830093.692078129 9.644082831388491 0.2289032473729284 -16.44148373854309 -13.689527958170034 -46.77327898442912 0.35570546067558073 4.237150272953009 2.3834910018180184
pulsar_330 0.26518994193886203 0.4192550613958534 827614.2835918918 10.225672912444535 0.5220626044990072 -44.88298014560178 -14.248129630756079 -45.41995931248859 1.32800213921076 1.063581168570523 1.7819742775352037
pulsar_331 1.427985715838638 1.8735238089111654 836339.2565578948 10.101400266405758 0.2417826696393405 -44.789638589329236 -46.228816002283 -43.7058585566226 4.909429376700301 3.786560634465297 3.67778977748593
pulsar_332 5.065310967303322 0.8265414406262305 933559.9442093711 10.168713641460744 0.09519485031467888 -45.50080383713602 -45.68376181801835 -43.31254078772771 0.7365694168534606 3.0581071438802967 4.554205208586103
pulsar_333 0.4166478004298731 0.3849841455192117 783637.3773997686 9.723485068391355 0.44191506149957605 -16.143645981261443 -46.81535777838095 -46.263453526296054 2.7104090035954553 1.9302958711111322 0.7236361329154155
pulsar_334 1.8397541099417225 2.4598798850188115 798829.9718130647 10.215263825250693 0.1716255138388615 -46.59130175523462 -45.64859785978481 -43.70010737735562 1.2938318271528082 4.680493747474226 1.3276173720438018
pulsar_335 3.2761323102720876 0.6916854113067873 835897.837815387 10.282392669433413 0.20700334198890297 -45.367128314728724 -46.72050697129477 -45.538047974167256 4.728613702306956 1.450155456559341 2.220042126114401
pulsar_336 6.198234313504023 2.08433246261219 871782.8565874475 9.703027360616419 0.16800201891698086 -43.90658150164758 -43.2444628743962 -44.357397608873136 3.701908204675322 3.3525261994947324 1.3490071438525104
pulsar_337 5.64224131217365 1.546503401425277 848071.9184010217 9.79333431581557 0.021005323234198174 -44.091551672396676 -45.280448368032694 -43.55890135446257 1.1967775988653093 4.924308815200281 0.44843617829870275
pulsar_338 5.341146069881383 1.5227894057041544 841754.6641848029 9.707102841427492 0.019597221609046398 -14.469279398187734 -45.887716657968845 -43.127566845002164 3.2358911377620725 1.9887832464378077 2.1318071634479834
pulsar_339 3.732957467252963 1.662020819296024 835773.2782700664 9.729521126093212 0.1142718854599044 -44.187486930645015 -44.4426488134818 -44.64843682603455 4.670584074040811 3.6731684611936046 1.7740026558049555
pulsar_340 5.243678813675183 0.7001533378367422 849500.498702781 9.839756888371793 0.04477097768363924 -13.229998689218998 -46.06981450341739 -46.364517537007174 3.7814214748711605 4.786463681183303 4.0416273864700045
pulsar_341 3.096242890975719 1.2730699545024533 938741.8194853192 10.139853323817562 0.031999973525516374 -46.912111776041684 -13.568304115819371 -46.58061469447613 4.370750829525541 2.837663007016504 3.5458081996316233
pulsar_342 0.006973488386467071 0.8351864282393725 969978.714641472 10.108302928402354 0.10802326025915698 -15.086907633449103 -15.502668542336496 -46.96560448119456 1.9550757506210303 4.119843277585648 0.5335319110759162
pulsar_343 3.345086356658719 2.2971602858915126 832964.2675503796 10.068898530793607 0.07882399577566784 -44.035555528333745 -44.62503525827337 -46.65162960923905 0.2551628527865205 0.2519752810465376 0.3830671757617928
pulsar_344 4.200358587639857 2.1293984462628495 821106.7001201035 9.855564718120448 0.28228909712563904 -46.17520727232834 -46.061039195458164 -43.128223265415656 2.7439611763095675 2.900267392338021 0.4165466251280687
pulsar_345 2.0857914055227496 1.9994079282856778 830220.182487294 10.22755254064731 0.08348376586548704 -16.651818832129166 -13.566695686073022 -46.25512916972319 1.8209908284811929 4.542448295548177 2.2913586205617467
pulsar_346 5.881815983480481 2.643078068586006 848793.6322208743 10.376601848254687 0.04648976640445719 -13.869326942840202 -46.99169913629659 -45.361544910773205 2.448308570479695 1.012913459984062 0.9800122304054346
pulsar_347 4.432449348838594 1.1390039543216015 860018.6758030936 9.854406196728304 0.15505567853932037 -43.58015977527878 -44.984566205574794 -44.601157939707 1.8092279062337624 3.005547130484073 2.5176022365175967
pulsar_348 2.6001910832540616 1.5425698610801277 826444.773583401 10.08749514721319 0.2105212365407926 -14.833104495756706 -43.17121139061834 -45.28446969690803 2.3455496490561956 1.7975018330572676 3.798020654349928
pulsar_349 1.292626615026747 0.8087148040929386 836673.4883657207 10.162323542357166 0.16502230460910938 -14.097480199882517 -44.111802745947806 -45.84763742888687 1.1232523986248393 1.948397011942495 1.2780089791871316
pulsar_350 0.9160156817429063 1.2037008866749348 845140.2440485623 10.170413713028552 0.08637508802565372 -13.379668224262245 -15.385687664039065 -46.64924889008441 4.191379380745013 0.8225637091020264 1.456852840136485
pulsar_351 3.690006467921117 0.9769215256263452 878836.1185372442 9.866121678012924 0.10333160020534944 -14.715026288145495 -46.48597199176602 -44.06019743785958 0.6614570338650059 0.7089282479899134 3.903030052730237
pulsar_352 6.264862395587126 0.9175261706516985 895502.4718420808 9.968285549325115 0.11126662704168629 -44.943179998418316 -15.792154011569728 -44.503275356074624 4.42906062807595 4.850655344512089 0.8947167827105019
pulsar_353 4.166066123141948 2.283948294648651 828803.1559516425 9.952090080449203 0.1602774621022441 -44.85870251216587 -46.24004428474958 -43.88445231045551 4.216312184766156 4.865717976797181 1.5872365999225821
pulsar_354 2.2084503555291852 0.5095096415536392 807361.6510642593 10.17657876163843 0.07815214074531028 -15.917419518157233 -15.193686131952076 -43.07768436539093 2.816406398327849 4.170986918204397 4.144243476892363
pulsar_355 1.4357424624972828 2.5129091588723154 832297.0683826606 10.07187983632781 0.10433376646080954 -43.667744761674754 -43.42399113192408 -43.548523002050004 2.1427172803236387 0.941421256754262 2.32913375486755
pulsar_356 2.0634598011639067 2.6369160112289562 858846.544105629 10.061931089634424 0.1135854826191126 -43.37333951464271 -13.581414725748646 -46.165652436958396 1.7905057268397062 0.9848157207276724 3.585410740847512
pulsar_357 0.400809856293584 2.310809306403084 880743.9582805245 10.314866216964651 0.09477673441561164 -46.21974130690854 -45.59047250576655 -45.31067965988931 2.9488360022345437 4.762322180065409 2.880594227064975
pulsar_358 0.47706454393894937 2.3959402018894522 797043.632339212 9.90958697666488 0.13012190976048796 -13.441742924400966 -14.17074520796784 -45.00134964861392 4.556357624788 2.1486002352840954 1.594004315044938
pulsar_359 1.1144571600573445 2.472805155076224 872377.2504186401 10.155360761981921 0.07505781657210393 -16.1861913168364 -45.37279807474677 -45.90874783176579 1.6714748304715443 3.1453520487876396 0.4576727864705399
pulsar_360 5.924343099314156 0.42683177904464753 891246.9186380093 9.763662105033207 0.06599868504227559 -16.955240060720378 -43.78323252441769 -44.41241178681576 1.718761453770029 4.607927510550892 3.380132828455595
pulsar_361 2.708222150754466 1.8220422303894366 820765.5660287704 10.385025796233293 0.7285843263229219 -16.10930742119806 -44.29175186862952 -45.627890380455405 3.5372210374809696 4.0232293909793935 3.7713829951382953
pulsar_362 0.8226168680734867 2.051698651035814 900514.3326326284 10.2290118614284 0.052623818177965846 -13.433484157957187 -44.692583859660736 -46.81746154990366 2.0426641171689264 3.0341933649659394 4.681691759026927
pulsar_363 0.8312407041984463 0.9026064733275327 822721.5179341198 9.674481589210991 0.1836113787196088 -13.733842357715456 -46.042304536654534 -46.7957913868738 1.1409378578713376 1.1580577108111303 4.8029271592040566
pulsar_364 4.380434091292987 0.9232536980404145 866740.9681358016 9.620251078129934 0.04199260921629017 -14.244803951459406 -13.24605291423146 -46.96242634602031 0.30943420161086693 0.4281544030384673 2.7594200525728905
pulsar_365 1.9451390135414899 2.3354716466313095 815088.8349025954 9.917959542767688 0.12731853425732687 -14.311631970721184 -15.6802512856326 -43.954149847025285 1.8712486706876887 1.5270106672803225 3.628571352964893
pulsar_366 4.660400708406108 1.9363043736789578 858524.2002773575 9.814649200840025 0.11133562880161645 -43.095592266570314 -45.50229120280444 -44.95528405829607 2.7870928254408187 4.587229005993586 4.35000193916715
pulsar_367 6.227172259311021 2.106129416532861 863710.4426240161 9.934599383102338 0.279820351641613 -43.568660103251986 -46.65309790858214 -43.0759774567567 2.82963065566626 1.8736089817735324 2.847869604190168
pulsar_368 2.802911635273667 0.632008313666092 870663.2759531124 10.337967051608066 0.10200509268892777 -16.67848186413777 -43.644607954664004 -45.7630205869347 2.081989556514288 4.398499013356407 1.2333420460239308
pulsar_369 1.1353713746257739 1.6938128462762099 865239.5337619092 9.817168404655634 0.08971132852546772 -16.60422062377908 -45.94536198425116 -44.828526722727744 2.8134122142333884 3.5538294235043386 4.990832607872325
pulsar_370 2.6520562013728566 0.7157475398989483 912987.8144479238 9.967330096770011 0.19800566048312812 -15.039043502911323 -44.90408255868981 -44.236889404536605 1.5055205186722955 0.4750657949054623 4.449106544476002
pulsar_371 3.9989760063655444 0.5736432885726481 841887.433606095 10.264419229613674 0.10133425719085944 -14.5079021666947 -46.25815837703922 -45.59802390398507 3.7131738908009675 2.692606214673527 2.5698525124462233
pulsar_372 0.29832395093896774 0.8065328311806503 881253.3416987229 9.911124557773412 0.3540074924169518 -15.670936145535801 -44.85332285756304 -46.67304567467194 3.8878907676644063 2.064929738082202 4.542656271972502
pulsar_373 4.893416910282127 0.6302695078536159 854619.7846006568 9.995621228589377 0.0643947815053827 -16.8752897766515 -45.4236345189428 -44.39306270826377 1.6866644155954533 0.7133517543724125 1.7370839786200878
pulsar_374 4.109623008852571 1.3711317889268766 864261.6184610114 9.666679042565246 0.07978286179869486 -16.527140723130383 -15.08566933298686 -46.63023041346856 1.958658800401969 1.836416311851766 1.6459478967235415
pulsar_375 0.09187047194553705 0.9404024075635029 886239.5591947956 9.933098710416152 0.09515750323168068 -16.12616049144701 -46.65142729665626 -43.99961323135159 0.711390763475848 4.2072536493685355 3.477443550217525
pulsar_376 1.986974423284344 1.0170392107774964 933922.4457102799 9.708569779625043 0.1966965060459609 -15.262570342253047 -45.97684206225741 -44.893107910308814 0.3691362906927175 4.712391030107868 2.821689014863601
pulsar_377 2.734800346355174 1.2838459612157247 937698.1323009616 10.07882219741726 0.061011717880892054 -15.732192252169469 -45.16893731642267 -45.80800181745678 3.659343019829883 4.639946620461654 1.7911938393403082
pulsar_378 1.605466631271977 0.7644623366899013 863927.9605576192 9.883153195544775 0.11546195603944778 -44.30623709008574 -46.12658966969445 -43.659788493566275 3.041570129527242 1.0243568150876272 1.5618107263773364
pulsar_379 3.459203271360522 0.9810979959397207 852441.1822614794 10.114623875303515 0.5455329540205732 -14.57316654698665 -44.92029174965205 -43.26636317700502 3.160258177957661 1.542149831718177 4.270350180977965
pulsar_380 0.263404124706265 1.67604718618549 803706.7054383097 9.980091442012261 0.06908548558021835 -15.38846790297447 -14.049398531507908 -45.29658351896621 2.3146232668496305 1.4955031064795614 1.7570954242126091
pulsar_381 1.559532565852763 1.3410452621159565 891539.7982617113 9.468264572209879 0.0761094108861281 -16.121512874602146 -43.06032087609683 -46.894694188411194 3.526422390590493 1.6720147440800641 3.678172816442182
pulsar_382 5.642245656680169 1.1816261331671876 941060.1616467773 9.736986475745724 0.06159932223899319 -16.050029821268563 -43.0569330541604 -43.14460203006278 0.6390312918254875 3.5761497127082076 3.1262603304977112
pulsar_383 0.7384758250428155 1.899394630500339 844721.657265728 9.91890595516871 0.21455792072711838 -43.7528381363968 -46.43874302291034 -44.24596162588511 0.8526938479386467 2.369427734722508 1.4090682273794848
pulsar_384 4.751430604289893 1.9437341242807316 885370.9480380738 9.707051461470833 0.10971321110824743 -14.679360115219067 -44.72757262600354 -44.59158723443866 0.268680918309371 1.99952853087647 3.4700658039133936
pulsar_385 2.261702018943141 1.6117159933438419 806273.520664678 10.006529631009524 0.10605103980290351 -15.88356692823531 -15.22415789355974 -43.20645920839765 0.646090201915725 3.609576299532539 1.1145126929794376
pulsar_386 5.041626008475932 1.4226289654500248 851624.2670328735 9.549818033856738 0.33648497754867795 -44.534287834929884 -46.448933173308326 -46.9306379086609 4.444310134356006 3.6782105896971773 0.9048872655897034
pulsar_387 0.47544288660600725 2.2069463703515497 820907.6990467632 10.089247456195993 0.10238308341839814 -46.40718479807868 -16.33341020428881 -46.53139482052957 0.9803632570212972 1.974859115037711 4.071040186882048
pulsar_388 3.584667031243944 1.6603695163759107 841846.6968100735 9.944650819303485 0.09464576939654251 -16.29816945333333 -44.551654038330604 -44.87725662741215 3.7672283645554163 0.39739485031999616 1.147870155982008
pulsar_389 1.0651142106439186 1.7454304191727497 857516.5169314847 9.607151402284599 0.18859758259118928 -16.30552803859559 -45.033279267931356 -45.34619063562259 1.3091353327811721 2.349295426062479 0.8651335271988622
pulsar_390 5.825191692215126 2.821542195664495 846072.3533911238 10.165651578106202 0.1294180805678486 -46.78984046882654 -13.411500220145166 -43.39995088746146 0.552885051929025 3.5497873421640462 1.7503583573985293
pulsar_391 3.950236757601205 2.2448874851062794 913269.0245517355 9.96725873131367 0.05661505329289986 -46.35649842690647 -15.807988883795133 -45.31839277937168 0.4227974157017922 2.251307824248037 3.6388375099607613
pulsar_392 0.3858201728780754 2.30026374863218 902059.8029584286 9.767614718271938 0.058446022391524965 -13.740063102548797 -45.51398920504937 -44.020010555496185 2.070470325915979 2.5993712159550384 4.603750884249727
pulsar_393 0.24501753044144173 1.3205928490281926 796789.8546037473 9.802715331311814 0.06710109269776358 -43.29485787197634 -45.45917060043678 -46.98474503331053 2.7767687667398437 1.648484581795095 0.7522357322915068
pulsar_394 2.058608851151415 0.763321507558796 917203.0506731211 9.856028591407869 0.14520217938299862 -15.316473641012436 -14.975818878372 -43.33367208898132 1.4821181686181337 1.406144456188908 4.1329303447892185
pulsar_395 2.5736109206846045 0.2340010827019079 865400.0217522735 10.363999941609773 0.20206161005864287 -15.120309516903772 -46.728152578415624 -43.39277730830855 2.3733893799648946 1.9316302082563774 1.2962526593628085
pulsar_396 5.037656126145857 1.1781217860145048 825980.6017128418 10.051205319126444 0.02722562160879787 -14.831781308677316 -15.020779824686123 -43.912169478479214 1.5600032586385373 4.084559472724999 2.499833621205662
pulsar_397 0.8055136754698949 2.9120279086788163 840710.3046374947 9.690164030377849 0.06279180415507897 -46.5406806600101 -45.8031031378552 -44.05774633362662 1.5780037970230547 4.112256941944973 0.37810803886979083
pulsar_398 4.453309459918819 0.9946718972773669 894314.7013502398 9.63627434971622 0.0388561191169794 -44.00883277344815 -16.041298607884638 -44.1442710711478 3.5586253736485425 1.0512629387173194 2.16843403354195
pulsar_399 0.9147948312029542 2.5919188450688067 821471.3041340985 10.361459646567006 0.12706762590242046 -43.880132108053886 -46.48278599345865 -45.892819239600584 2.8698612621131114 1.6780077817122627 3.797933089090806
pulsar_400 4.929267750468318 0.48522892961007835 836022.4310161333 10.181512003066079 0.05663409299631122 -46.26540963000906 -44.16473021621911 -44.665062025981335 4.795365120883872 1.378363882871168 0.9135625368182813
