names phi theta dt Tspan wn log10_A_dm log10_A_red log10_A_sv g_dm g_red g_sv
pulsar_1 0.2861250642609051 0.2679918995544819 820624.1978438107 10.466420799296055 0.10988540290279532 -16.462961829869837 -44.62980865169369 -43.45335488270178 0.5916678662326323 4.0186112064896236 2.1044686610262784
pulsar_2 5.1039291623684235 2.705918124275554 894484.8561194978 10.015214654492773 0.05054986672194768 -44.19084985151326 -13.10697656629139 -46.02376658137894 1.8774489575448952 1.6865252745495385 2.7909613891502207
pulsar_3 2.3195069344599544 1.8258685573165314 793637.1279298039 9.916701752490946 0.07174817385738844 -13.433744359829584 -46.61264188304672 -46.88961962081433 3.534935298899549 1.186241849327276 3.571002089643207
pulsar_4 5.327348508871537 1.4752395120732436 833691.8950726395 10.20946024763719 0.11055560222080274 -15.334281054232736 -46.40360570076601 -46.09548317484235 2.785055278365393 3.8070846458146725 4.132133461958091
pulsar_5 2.833069323178292 0.41857164518826256 867643.7881965288 10.17851882480731 0.4213063472354038 -43.3677954140209 -44.49641910080069 -43.94447632714346 3.6092488514878536 4.5931901890503894 4.119940640070956
pulsar_6 3.706318901907375 0.4811548630439459 827724.8830387346 10.355603195616268 0.027689893322746625 -43.77061076896845 -16.61491596413658 -44.63188295802119 1.5056249366903205 3.5792855950037223 2.892710319278184
pulsar_7 5.110503409795484 0.7970570564673461 889316.3175204439 10.084628344070454 0.3001832212120016 -13.04362075805945 -44.622487024370685 -44.59549491826003 3.44939633854838 2.5149418728079462 1.089227965797805
pulsar_8 5.364581067211725 0.4804898760797149 825952.4033732902 9.704776825134577 0.10169510433908449 -46.84861684450466 -45.86493733408868 -46.323339859525824 3.7427935716751533 2.245551644966162 4.80843980605358
pulsar_9 1.0753155790995506 1.0781546268282236 884625.7218939128 9.793507838336694 0.14908540902623027 -46.55426414561665 -46.37293615550074 -46.85239666798929 0.7677131532381543 2.9330126668053595 1.2200006976258804
pulsar_10 5.551689167630673 0.4894230566141579 815836.9651932621 9.823368396336598 0.2650307183760499 -16.302089492907328 -44.65299141618974 -43.97464440307418 3.7184982894648853 3.428254699484154 4.307822906681889
pulsar_11 4.130325735595065 2.0452463654536666 914774.6536699494 9.93034986595312 0.07558982048220858 -16.516194403668333 -44.83227711595069 -44.744578405116336 1.8089400939100788 2.904708324952409 0.9433081209769028
pulsar_12 0.7094496077571564 0.787255817549841 902170.5195260567 9.784975407253699 0.20087696997741006 -43.182356443318014 -44.16146083516615 -44.38025388907793 0.5556514539148687 2.3044289461654914 1.793208435564448
pulsar_13 0.8657251190325662 1.81278726112277 895724.6003146828 10.216817657457597 0.10102139971486644 -15.767371750029394 -15.259609681251538 -46.21282904293658 1.6478705972714656 4.843831062492177 3.1775044975688607
pulsar_14 4.766805049384981 0.2756358002614891 819232.6478298154 9.7449367460552 0.10485345836847965 -13.676629348657725 -43.4712003762752 -46.51026672321829 4.4232959907585485 4.393015313008133 3.117106815003776
pulsar_15 6.131173426883074 2.354977802938773 881580.6959668311 10.773414941908158 0.06841054727678673 -45.000976827914535 -45.96925567413451 -46.75348074250308 1.130286561185688 4.4477042183763436 3.948952177343819
pulsar_16 1.6905716514561484 1.2548997161614033 826942.8492396208 9.990887150905884 0.10790532296620457 -46.5127063788642 -15.94988381573086 -44.64840296982533 1.7978578482884389 1.14897577314462 4.9588269654997
pulsar_17 0.2039050347748148 2.5433908747884915 854879.1042542479 10.320515153146768 0.061460138908668756 -14.657230936584545 -44.90051057472424 -46.812261312954995 4.084670311158002 2.1267716878435947 4.470811237856774
pulsar_18 0.783449441354992 0.5012238822160467 800679.2078185712 10.260148994667961 0.05696426436804619 -45.644106553681674 -13.600170286583761 -46.37947779699573 3.2495385725541737 4.64542624676983 1.9417272935455205
pulsar_19 4.358425998663271 2.508130230753438 816910.4671203176 10.278837691877651 0.046987498078239286 -16.20524209329161 -43.334967397597474 -43.502713322576014 1.888349828905847 1.561951051038629 0.8447787922201313
pulsar_20 5.963463534977424 2.521380287349197 821483.9055828067 10.520863796595338 0.09409039908647986 -46.43845003538401 -13.9348552952401 -45.437096060139005 2.581296982996805 2.5590293318685835 2.1361987160540017
pulsar_21 2.8371824347382066 0.9409859224132283 902499.1952238276 9.90263562515706 0.08926325106091981 -45.66769717772816 -44.32643581380813 -45.8989625752231 3.9377542311127764 3.804092495396476 2.476333422544328
pulsar_22 1.731587676535304 1.8320350938916423 829922.1161518701 9.900473956452116 0.032164986384250686 -16.83982645025714 -46.2929916584968 -46.48002883565913 4.52180620582257 1.0387128363298928 3.130327642788639
pulsar_23 3.3069195942230323 2.568561574666258 810882.6491298935 10.427957427252512 0.03796608576804714 -15.674370371743063 -15.566187611305567 -43.6015136043097 2.3161565821091 4.608300621125458 2.3063458372806354
pulsar_24 1.681496831310046 1.1066167120647115 850422.0923774197 9.801815774299476 0.2501566476302328 -45.90581810713918 -13.456229905070069 -46.873252353499524 0.9645997849274514 4.940797182464525 1.218987021471035
pulsar_25 3.8024163165729457 2.025610970092852 914082.8984497151 10.15157879101999 0.0921425301276705 -14.684823542354613 -14.309738300168458 -46.662434633889795 0.3750305633355081 4.300567827018775 0.7903026256225208
pulsar_26 2.845074029576661 0.662519375100957 816768.9471096649 10.090679546646278 0.16353175351703886 -45.65469543909412 -43.791913842180485 -45.53627325577153 1.2754150658092467 1.1232091767084877 4.606053055985278
pulsar_27 3.9323090183002494 0.7545863158014569 791528.2764561817 9.976229062112532 0.2549905605128701 -44.21225025776807 -15.859112797714454 -46.5189693586443 1.7781868079853382 3.0693715957058454 4.418607952788279
pulsar_28 3.8733722262787 2.0287416799429514 833278.8016016053 10.154911448449937 0.11669181778037122 -13.151591990491625 -45.5359321786621 -46.78187231439978 0.5112266822354397 1.4853941184222166 3.399326934078662
pulsar_29 3.0701301074827994 2.1924617819292873 887855.8168913024 10.447827738633382 0.12974283811714277 -14.947965793167446 -14.334200738093262 -44.24066514817498 4.431839568774985 0.38028793833646735 4.082173764769886
pulsar_30 0.2909277845893124 0.7127779340373329 845101.7477769298 9.853343635158641 0.06625359192886174 -45.543364893790255 -44.39572301515766 -43.03520787796416 3.1560296096387384 0.7565547655650007 0.8044600570812809
pulsar_31 2.021221406789578 1.0961017285235661 895883.1857253733 9.86277971650063 0.1599708596362461 -13.529013707869087 -46.66211388999193 -46.29511446056094 3.1292373788058625 1.1893638922193617 2.597983750159617
pulsar_32 0.1135213166701745 1.5096335773002114 847196.2602858887 10.220475374276473 0.08817293814733916 -15.695926618100513 -16.436422708598442 -45.56802785068059 1.4534103473706956 3.3003506316534312 3.8285186644786102
pulsar_33 5.214551955947509 2.243301485773346 914247.9001125861 9.948856921501898 0.3226869331352109 -16.121277536845128 -43.247260569367775 -44.53105810899087 4.410468501806024 0.851570063076634 2.1753788517501054
pulsar_34 5.178969067835005 1.0505910436321622 931222.5481077872 9.831788130012786 0.2839887956139189 -15.546681609051003 -43.7356618324896 -45.20710798964018 2.321618359337737 2.0165734418165124 2.4787373260173915
pulsar_35 3.306511148359108 1.3357403597453084 826988.8835641928 10.073160454611457 0.055737861163459336 -45.70457860033673 -16.027301576191988 -43.52961537878239 1.3237272138418055 4.032552303604556 3.323282721105952
pulsar_36 6.000941541902067 2.0384117697589885 899690.0419732422 10.096845839707193 0.25688134510858707 -14.785103072097167 -13.539575967258209 -45.31472988170786 0.896890492739166 0.6845011894044335 4.736205753227231
pulsar_37 3.0794708775043365 0.583211218681857 828814.8433249962 10.046590143656864 0.08719773657996067 -16.639196969914124 -43.7212448637905 -44.95137052151069 0.4624986061367824 3.2110812089007723 4.07467553145529
pulsar_38 0.25154631865675636 1.33335167785194 846693.371899051 10.244166900109963 0.09463530548954749 -14.544350562158462 -46.46515098429478 -45.252678508843005 3.496482413891808 0.7021174484141519 2.3208764686745056
pulsar_39 3.140994114097141 1.687711182412828 899341.7402738866 9.87205939111793 0.06038012796601695 -44.303557331710905 -44.88967431620285 -45.44114526651413 4.756215142276915 1.0394706311572897 1.3005612404383902
pulsar_40 6.185320132138424 1.6618461635945156 858517.5343414892 9.82775657130652 0.0666994049788178 -16.711272060828062 -43.428152662511415 -43.602111384858915 4.084615615898767 4.9880681368344915 4.8558892428379
pulsar_41 3.4728261273451655 1.8502890514337107 839045.5685716572 10.020317423579806 0.03388503810660523 -44.557859706410795 -45.416655820107394 -45.663014708321086 4.0190348728001055 3.4394809883055633 2.2253730954653963
pulsar_42 4.410160407842606 1.4218750725018903 903809.3441824286 10.025161613994182 0.06720415909470841 -46.204367487821855 -45.222489800678034 -44.897459016901635 3.386197489509743 1.7582818618002214 3.1915280823252123
pulsar_43 3.4429623513371626 1.415295072226072 847886.9819478965 9.796700549589811 0.1439532279326826 -45.599847311183964 -14.430444689935712 -46.215886169382756 0.3519565199888127 3.523481735479435 3.305574628584118
pulsar_44 3.269133310861379 1.907958619188523 862243.602855735 10.350289962428258 0.05382928311481068 -16.071690077610516 -45.152539078689415 -46.291174436120684 2.6717141009563194 3.1222040233612502 3.0234258080629073
pulsar_45 2.478938307008245 0.15974272951002688 872762.7672481064 10.364491292436819 0.10144195905695151 -14.893602846389431 -46.244440696453466 -45.826197839472876 1.380600371408679 0.5221165636477113 2.8719378551594903
pulsar_46 6.111258761881448 0.984458480439754 902707.4773650252 10.118719633263902 0.1250428624297167 -15.803583684916472 -44.39189856253721 -46.661575372997376 3.244710033207345 1.965926397892722 2.449157066096872
pulsar_47 0.5841052628787599 2.292832008695649 857977.5519106985 10.127547708541865 0.09408371307887886 -13.0810971284801 -44.97002377144469 -44.41477362627039 2.367673759502331 2.4910005837433986 1.1039616847576506
pulsar_48 0.590887000553596 1.5847845552148634 857722.697728819 10.237399432772394 0.0851718746985695 -16.749912775744107 -43.73132483588358 -44.3451307317105 1.7014715735363573 3.5024410163837394 4.571237878397373
pulsar_49 4.256653099702756 1.9847304959413314 887423.0275362126 10.495133655380192 0.16844084091907402 -13.637471178019894 -43.47449158520463 -43.728444775808924 2.566341633138579 1.3736135599457089 3.2872340025313034
pulsar_50 4.009972663652586 1.4053408023891183 864162.2836875432 10.441632405904677 0.0647581942463003 -44.694650069734294 -43.7707426213717 -44.54941519224583 0.8707575681410277 2.464258207262987 0.9644978981070582
pulsar_51 0.5838793652693376 2.047419759650076 828705.4380696266 10.48184194106433 0.16413361850247757 -16.73784340052255 -15.975667509787606 -44.31764734402763 1.3168806989070518 1.2334359313474028 0.704586408436195
pulsar_52 6.027937754898038 2.3465573656725454 869204.7112025825 10.105007695625213 0.13783081523796725 -43.144057024492064 -16.09650471045052 -43.161358156141866 0.7168361191626913 3.536487098256112 1.8873242318792143
pulsar_53 1.188036860923894 1.1937206551538475 935852.9284204126 9.639662045931521 0.08871701230414623 -13.162133492183024 -44.03346845466919 -46.50656317662326 2.0184891729631267 3.9840152339552377 0.9891522513260473
pulsar_54 4.107743121877453 0.5395695645865227 803690.8979255819 9.904534982182737 0.08254750818656266 -15.9721200450945 -44.29447136812507 -46.10836773803192 3.4862463409494464 1.1244693589920665 4.9698042724299984
pulsar_55 1.903005093833264 0.8291997633849143 910401.5496087484 10.023923378327693 0.04357317031432739 -15.41997779487528 -43.08488374975115 -44.13653860898046 1.9512160177022742 2.892717330814697 1.495922580712944
pulsar_56 4.571027075207307 0.14633610343603637 811485.6733257084 9.722171172569881 0.21165704766977314 -45.94211472433048 -45.18625411276715 -43.33921232745145 0.35639705615116196 4.979006762006632 3.1997980821290994
pulsar_57 2.8908266132281715 0.7387837187204733 914755.5920999211 9.975909129914104 0.030171507051516246 -45.33212282090982 -13.705175456611013 -45.6413988073561 3.330976750487697 2.599290693751113 2.067705807193458
pulsar_58 3.6025036680620763 2.4096833659913552 811177.5793623083 9.93099154240698 0.24678664567927447 -14.427314470157198 -43.46713873915625 -45.216428152276464 3.1913736435329514 1.9265248359062161 4.892282222014447
pulsar_59 1.6984693523509382 1.1404570721100002 916825.1685542008 10.106401637927172 0.08781013753004983 -14.109330271813782 -14.848669207207376 -44.3342848523251 1.4722028340125757 1.7552631678176451 1.4672065074598308
pulsar_60 2.910657178692016 2.1933636536529977 875289.0944306072 10.020367492178957 0.22085093968200648 -16.745263433839817 -15.06007544905938 -45.29426453550073 2.2628172847017356 1.4793245233290826 2.267636255356026
pulsar_61 2.387615306785671 2.6976252220260752 892016.8422910207 9.983062076132407 0.2582138837565018 -15.109604762353644 -45.51149574153014 -46.2076709455286 1.649452228418469 4.208524530853747 1.464475962309087
pulsar_62 4.451780756430664 1.255030652793108 854843.1415177921 9.829765015219325 0.08117074130608899 -14.06564828414371 -14.302048366721557 -46.664070199355 1.2187784534518997 1.896239479797988 3.519573842009042
pulsar_63 0.9926927859090191 2.204035968560645 1022703.4335139889 10.13179213535682 0.0747088720766799 -15.232000590577618 -45.7305123289647 -43.24718365626434 3.869112709443861 3.0686708666507987 2.310033759799995
pulsar_64 3.391162238096087 1.4205790053148897 858182.9336955159 10.237801732744993 0.14148031560205793 -43.11902005334035 -15.680719761423013 -44.091508714398785 3.5234217763662947 2.493968562096516 2.3731237727081615
pulsar_65 1.7151337753195615 2.747216284795401 860217.660742333 9.694037999349456 0.04071739959274737 -44.62305365341973 -15.34029070280432 -45.998341661063485 2.2137598159391243 1.4773835885887423 3.7260492868010573
pulsar_66 2.62885981299509 2.7057280581373253 856811.8337843373 10.261355764542726 0.06491251108698304 -43.983978028769855 -43.006123009566096 -45.78587992883356 1.996411411480842 3.6910992218344916 3.862823251343165
pulsar_67 3.0322041314816133 2.187099673273291 876319.927563571 9.812832941827498 0.15267296485768841 -46.2359119964608 -45.27163512522094 -44.66345301879605 2.1142049133122187 1.5396520763033046 4.214774745379952
pulsar_68 2.7284379551738795 0.7361652596724663 835993.4396858228 10.0281706272223 0.07060020839371084 -14.384038653007845 -15.463763898888768 -43.811656443364264 1.4589627047311162 3.3212953772374654 1.945563300029918
pulsar_69 3.356719067866627 0.9813538210466913 897987.8124767918 10.179893062219392 0.12668636294485905 -43.31204903181521 -43.21797497193612 -43.17535316336178 1.0384813034980658 4.904474107468661 2.1241476244347965
pulsar_70 6.081734693018986 1.186866113403835 843155.9813437359 9.557447887567498 0.13023236078094025 -43.46582433598145 -14.939343258081966 -45.927292019738026 4.638170502651843 0.326012067246202 0.6162254676232798
pulsar_71 3.634396387972065 2.0630884089030483 817456.310527377 9.93008122725628 0.058789612761936234 -16.357256430071537 -16.931864149767637 -46.84763491568359 3.477778515753315 1.54726625613892 4.560587796491464
pulsar_72 3.7258850497435967 1.6017040697824705 854052.2982115776 9.912219717410222 0.08691835318254494 -44.72368387764335 -43.18939109332943 -43.612900996362185 1.676789465840986 0.8254954785965676 0.38530829749359485
pulsar_73 2.6004858162198645 2.2947130231872874 924155.9934096984 9.918453772211294 0.09849603315230362 -46.61428181692713 -46.80577688384703 -46.656408377854035 0.8273210238049997 3.0286002814784556 4.65548832413319
pulsar_74 5.835793335951679 0.6499068092889401 865269.3687848132 10.402084900646543 0.11643803474176208 -14.011112098279575 -43.956460130114145 -43.17589594208988 4.867563466138418 1.352832580635377 3.1175426831929407
pulsar_75 2.8789159181237456 1.3351649041278177 855279.0319622003 10.255882421748549 0.04821503130358604 -16.194413085378894 -15.414381777578992 -46.47320949014067 1.0321002446005858 3.277866457026908 4.340368010909405
pulsar_76 3.093149737693648 2.0171783146652746 868047.3742300273 9.766910755257431 0.14521093421105222 -15.470548642335173 -16.845507127115713 -45.361237921972176 3.0433207486789744 2.961254054082765 0.7060760861050731
pulsar_77 5.846517020329403 1.6106274984256805 899284.956476156 10.020111029571822 0.0684193546060557 -14.477003362828452 -43.78795333397888 -43.29677891206787 3.2237415352103804 0.7795535843613692 4.844437219300471
pulsar_78 6.055814390927881 0.5153064898866154 925592.6108664646 10.068780953269828 0.10354429439225989 -45.652841291812024 -44.04074127189716 -46.78151191998016 1.5080282374379925 3.321665498949815 4.57235185711876
pulsar_79 2.0244790304541547 1.7331675270829605 856046.7401408164 9.488074869301563 0.26050144625023286 -46.31885978499641 -16.205454660895906 -43.91509709016968 0.4459866100041927 1.1137581965350436 0.48808481537205917
pulsar_80 5.631892637259729 2.1431118284127266 811441.7633962362 10.384533944760161 0.05042258878662112 -15.24550893821224 -44.153462596628685 -43.39447521063494 1.8447732411992073 3.960584594936944 3.195659817609428
pulsar_81 3.742950832877097 1.3092749584445489 801689.1277976239 9.810090711794263 0.07670411248794874 -43.95869378064799 -14.754546628674865 -44.5978542519516 2.8650299499580836 2.8728577794701873 1.3205028182160756
pulsar_82 3.2280432071111274 2.4455274365667456 878092.1615532343 9.734794895677055 0.5594818641722731 -44.24591935646946 -14.51226915111721 -46.84712984487673 2.4602338498874268 2.7070005803783954 3.896107339999543
pulsar_83 5.3595890864504705 2.81468612448016 908967.1274937262 9.802168318501606 0.0897270012637248 -44.772638891591285 -16.990970300083568 -46.70388015648558 4.776917481713423 3.45337993630784 2.709773629521757
pulsar_84 4.3255222364991885 2.1528347778305204 891767.5572018182 9.854670782177097 0.0484928951895165 -45.88965452428625 -13.746027016577706 -45.00627683802031 1.4450672302934318 3.452783742920655 0.7879658595813446
pulsar_85 5.910786790433628 2.5024673251562843 850202.0748186873 10.360982032546183 0.17296920441716443 -46.498915424355495 -13.389841736279998 -43.56341206702454 0.34579316928384085 0.34193748233039867 1.4764894848615644
pulsar_86 2.6093234795247024 2.579108848897285 876173.4166628087 9.622909790325505 0.08258629137818009 -15.205704200710727 -14.38735946801013 -44.354319948269506 4.300830635637584 3.7821298544891713 3.277529349136652
pulsar_87 2.278669834538564 2.8890674944413557 758576.386052478 9.88107127876183 0.10186373720542391 -43.10639654370149 -16.66976637203215 -44.83501389589982 1.0530351374348301 4.315563796669286 1.5253942195753605
pulsar_88 4.5149200050120815 1.4712022712655068 835895.262312862 10.17254526179899 0.06134619368487792 -15.703832454621462 -45.52669272120779 -45.1085404115381 2.748020523169052 1.9524597729172612 3.706713165140937
pulsar_89 0.03532360897294395 1.9968676164800474 858256.8762147923 10.101090079830172 0.17784928365334535 -14.412737860021444 -46.205926814851175 -44.901373205469454 3.6126494360572994 2.743814401609924 4.928313996090217
pulsar_90 4.839056596593694 1.9883519857990521 867918.4546596007 9.927760728756368 0.043932504333113985 -14.081267375456576 -45.08707551417605 -44.072206728225396 0.6596356990366552 3.1888693049121732 2.1372369009112555
pulsar_91 0.4441043735147514 1.3121855997563783 870261.9778443502 9.736251388458308 0.061450465998068395 -46.975448708014355 -15.120221971294322 -43.201441159004276 3.1094113381783064 0.5840629928390939 3.2681119433852626
pulsar_92 3.1746829670770027 0.4142586078414371 905146.823240296 10.44096042305937 0.05884799665301804 -45.04980521294541 -13.038061696552807 -43.73882679775073 3.4816074835643134 2.4055176865448797 0.5570737585353864
pulsar_93 4.144355794183621 2.652056454444654 874315.4971818539 10.091117007564636 0.12583228865913407 -43.89900398857491 -44.05785004988283 -44.521914609267114 1.0773120427231144 2.7677568272738244 0.906908094810808
pulsar_94 2.231408698617008 1.202283221700577 907939.7333821594 9.888762800118535 0.2847981451486435 -13.356799169867035 -13.073441586234368 -43.96674511456985 0.49005964822020265 2.0880147585546487 0.932082262478234
pulsar_95 2.8261082549468335 1.546702551415359 918757.3556970063 10.28475934012522 0.1845223246161948 -16.57607387211919 -16.07422103376275 -46.72621467661857 2.3693953173247615 2.900380442144414 4.7966882779998725
pulsar_96 6.057566016811328 1.6777147951898113 862978.7317466614 10.376568548404961 0.036887209673077515 -14.117399842275368 -16.71706530297593 -45.77500808035591 4.823067172303286 2.1578060409789472 4.2831303075270934
pulsar_97 2.413444701682628 2.7172430250724986 887271.0227527132 10.51244960806134 0.052670085388012246 -45.498270729930546 -13.467268598511993 -44.66482021919116 2.3767012183663123 3.5564348507787957 1.8097845016029628
pulsar_98 2.6459657612568392 1.6774482110231386 890731.2710983414 10.111213996378103 0.06793907544351017 -15.378799162055417 -13.495319083207942 -43.15260621350069 3.032216842804915 3.754763581832938 4.4414643675558265
pulsar_99 1.0459987290315071 0.6438426055654117 895621.4703835776 9.879886649259182 0.0749322421273396 -16.752935633095102 -45.37026481579409 -43.40675318667547 0.8066812518325903 3.4595034339668436 2.455196233088686
pulsar_100 4.119216512000935 0.5040737671249785 918586.9307224695 10.047881222147787 0.1356770462003477 -16.670311163085568 -45.78230337500422 -46.27804846680226 2.6469550753905478 2.867860900689901 1.6910436110060099
pulsar_101 4.341739249487276 1.4318772505038357 902198.47048354 10.122866602866711 0.04438823520485728 -15.954071905537301 -45.64028741001164 -43.02724735757202 3.0118630903724157 0.7579765153099541 4.653486298835906
pulsar_102 3.322921206269894 1.4634595012044715 829391.0013302026 9.77379585072905 0.19707185177375433 -45.74105529765948 -43.80990518899174 -46.55557507267546 3.190493269374417 0.30411578692968233 2.9259890805370468
pulsar_103 3.5364213906279645 1.9513519474430827 862522.2055996846 9.52923589829251 0.2578701212953063 -44.801836471801856 -15.086041907676314 -46.7565136113473 4.569748306312027 0.475125399304165 1.7947540135776885
pulsar_104 2.593101243220742 0.8851570767027496 881974.364003726 9.934235584398907 0.08368655684429682 -14.467292166688818 -14.189174655596876 -45.09360699683563 1.208908022967627 0.4117456210231253 4.361146890253296
pulsar_105 5.394125388217202 1.9420077195388257 878944.2281579647 9.483401712578798 0.050420836361090564 -46.05241379963757 -43.166079331198624 -43.93766029303072 2.011564814792785 4.984410570839676 1.2756969170547263
pulsar_106 1.4845818612071957 2.7007944819600094 863060.7182445538 10.373318540496369 0.06809025239570514 -16.8484606835757 -44.72551317521065 -43.23348455966477 2.8214898969696023 0.5131248350925011 1.823151914911761
pulsar_107 3.9297042447067607 1.315709303823333 852623.5907341278 9.871892569350276 0.09369431597809266 -44.37038695904392 -43.905318423052336 -44.937340640033135 2.650406095947641 3.2954242240383946 3.784200371098035
pulsar_108 0.19943044579786703 1.1871187904333107 798657.6496253826 9.849008262122396 0.047908444245617625 -14.219923044382444 -15.49625840989344 -44.762254244670785 4.843754217618938 1.651712112623304 4.523479364845357
pulsar_109 5.29212350778183 1.7124405824673667 824249.6355878046 10.027343132674709 0.24281627769697608 -14.622015752023165 -44.02718150059573 -43.782734994194335 3.1172818393782906 2.358322554707948 3.8871319714521113
pulsar_110 0.9204959359467403 1.5805867568123833 888936.1046007761 9.449257056586172 0.06994395209447854 -16.497986145979116 -15.867890550747589 -44.90465038313687 3.4764494292177326 2.4253063491661253 3.6576589218359223
pulsar_111 5.935095993564914 0.2087162399692765 818128.5588288337 10.240366303071204 0.0879146431986615 -43.757058330242515 -46.49193574539523 -45.97547694293549 1.6449195686516371 0.2847358454209517 0.7638179910847847
pulsar_112 3.4569644046571635 1.1129240373341422 872786.260878208 9.963709360556175 0.2875124933712075 -14.664407706166326 -43.58780290932414 -45.38741792580676 0.7685465416042603 4.65626957045605 4.87917437765576
pulsar_113 3.6547848170515462 2.248961857220486 878062.1446300949 10.036052839327802 0.0645010413853839 -14.236171054273616 -45.53090380256738 -43.287138843251185 3.378785950267239 0.867908634424206 0.41086704708946953
pulsar_114 2.0186824228639755 1.7050752307518935 852871.6982968395 9.535824698832338 0.2419549333437235 -46.667731507242635 -13.24130334124462 -44.25915855322067 4.108763412162494 4.709226203109278 3.8940004487919997
pulsar_115 2.4400406240369703 0.2195392955367592 864998.2887170189 9.738221548581578 0.07770946357112164 -14.721146096922507 -16.965970123196094 -43.158052257067034 3.6982198926934653 4.182251516779104 1.7654260940589963
pulsar_116 5.024368697695891 1.291956129401149 947624.2980689935 10.198375117234004 0.09454985518349976 -16.43003763898266 -13.18382903958558 -43.932676427076935 3.190120340859521 3.120889332578405 0.858750998764639
pulsar_117 5.063259392472462 0.750029309049481 866406.105767573 9.591539474236523 0.28857147047469384 -46.590842229840646 -46.31013880195704 -45.0027170005318 0.9627682319191322 1.6680353054894042 2.41258654562806
pulsar_118 1.2375424742022 1.173777036254945 825284.8626689009 10.12974147316285 0.06937475636609036 -16.377812789185217 -45.4602083511165 -44.623069847558966 4.0502139518457 1.609607990408192 4.521332151227949
pulsar_119 1.3799606309605168 1.8315073982013719 891672.5116338747 10.008758141238161 0.1325148282033036 -14.694819610509139 -46.45722810997684 -45.39670453533466 1.9353408886154067 4.331477299220239 4.044701320308411
pulsar_120 0.9096159846344698 2.8750598319332585 836373.7206954991 10.01072765505438 0.02867301381070458 -44.407128558964146 -44.62720082419069 -45.23737754295226 1.518271023238319 2.1620827239173117 4.799986743018599
pulsar_121 5.370231921507324 1.2721927485955988 839013.6440139868 10.020965462825965 0.1694068562314173 -16.008989022637873 -16.32690410221568 -44.195782616888835 4.389762429415497 0.8376422881623902 4.939593919836672
pulsar_122 4.398241110157927 1.8634794470145752 842173.4260492744 10.300782518657297 0.04991230644559104 -14.950534806480004 -43.48692563216912 -46.956029582823426 4.487586724443435 3.877211893245496 1.2210242289771935
pulsar_123 0.15516827567962674 2.2051385796844483 848118.5119597205 9.592462440524569 0.025329163929800308 -46.40386526456502 -43.484853874195394 -44.80922370074862 2.2977624840943807 4.800756738263343 3.9958007732157528
pulsar_124 0.8707552899286527 0.6588816002016983 862365.6397454739 10.171985003386947 0.13172298540082641 -15.894379024965668 -45.25649785919903 -46.57661284703131 1.9081388200087392 3.19435936430641 3.592060112514542
pulsar_125 6.260019294245291 2.0683240449380413 838693.537113271 10.082239385015411 0.031279510854062796 -44.88340831535996 -44.84760481489245 -44.757268478188365 2.2771242669694245 1.5660159040152355 3.2206055149446735
pulsar_126 4.818705818996649 1.9110418670904559 855034.1292523603 9.76825814663827 0.10766088429942379 -45.00199111209739 -16.678749490832892 -46.05425921971629 1.6451810198199663 4.275760877546355 4.990104897539792
pulsar_127 3.6390080856610547 1.9604007207922596 883928.4933158546 9.902852783535517 0.10032588223991712 -43.3886307241135 -44.296413104144854 -43.941495538149866 1.2039803586656572 2.5166991735936546 1.1538841896892778
pulsar_128 1.616960345682428 1.4042713343813351 877030.9704111248 9.898180252608471 0.061625921553112376 -13.410622057516576 -14.877696679903423 -44.428050303535656 1.067561085603662 1.248290598366585 4.218285807375259
pulsar_129 4.909229841638801 2.7340918960225427 880297.2939338359 9.783877676807913 0.07002103579206727 -16.49730075487018 -13.776946443563338 -43.43045767540517 4.734657359478063 3.566987205900827 3.5790971270799234
pulsar_130 4.816687923877801 1.0581582103839617 874029.5537622788 9.847764963482401 0.05154185067215736 -43.001894662852195 -44.25981625976493 -45.76006607087948 2.5946477573724356 2.590369534246242 4.470504057909167
pulsar_131 5.9169865488182 1.5806154648893151 842682.174027235 10.095063183769353 0.10579765177654414 -43.76343292770598 -44.932376195777216 -45.61576034743341 2.869120839077623 4.515818380219569 3.3718449782942215
pulsar_132 2.438643639628279 1.9896022682800283 902595.2363592334 9.92995721342287 0.07834835390678123 -14.436047512460856 -45.712292989392125 -46.00936389582401 4.775766459435334 1.4663829426303725 3.055621743238151
pulsar_133 4.936811601798575 0.9977201968710333 904544.8246157395 9.949855040795233 0.21308389800568478 -46.19244203745856 -15.528803163014018 -43.9464001645925 0.31182364555841724 1.2960807287961678 0.3924375700551054
pulsar_134 2.0104848238335586 2.143982958188413 868484.853717094 10.113279905098304 0.08143656337355981 -14.860934467520845 -16.537525879054147 -45.73433004923477 0.6833078957143841 2.936052380260793 3.6078184653108547
pulsar_135 2.9958082662119776 1.8512801363959837 821948.287960489 9.923587007456183 0.1308928164226594 -13.031875326795491 -45.10968828963375 -43.80629653178488 4.060674744224288 2.4397465144474286 2.5287999401370493
pulsar_136 4.646417023560382 2.045736142578969 800514.878318292 10.160575389490889 0.17769569381740355 -43.61804046991249 -43.67182498309598 -44.39085270689529 4.676105755607598 4.063874358193964 1.645464871693098
pulsar_137 5.127490402346588 0.6912207661345213 844733.6021906818 9.88176945015002 0.0826496912339211 -13.634169958883717 -13.010918602295508 -43.143273107061376 2.866936095716673 0.43508896498871974 0.5550927946647483
pulsar_138 1.3121404334555469 0.980529744302483 820450.1403086716 10.111099145971256 0.07602990670931797 -16.801520781445166 -15.817143147823074 -43.30212390479346 4.38524497322433 4.077823248274946 1.448528229843329
pulsar_139 0.8266991976926332 2.9175066282854654 855136.3256074318 10.078005194323556 0.10187439629135116 -13.490409209567472 -44.46241468129835 -44.0994009133079 0.6368511318457154 2.1913393393175253 4.725624636574339
pulsar_140 1.8396997230179022 1.6512141563690375 927096.0087639191 10.235908283503015 0.06046980381641987 -15.225546735933719 -44.28315864062448 -46.48382897937206 1.7908181625335984 1.583797475576561 1.7659566602437895
pulsar_141 0.5097196044882956 0.7390741055558865 839376.0143561683 9.609209463703865 0.04772890745839978 -15.464915647409113 -46.98598969882961 -45.88175253788223 0.8598615805725471 3.242654438618979 3.3430229306393064
pulsar_142 5.721714401976105 2.183982654521488 881600.6533294059 10.2816354387612 0.04723597643922388 -46.303062557772286 -45.88591632750956 -46.86436227850858 2.462941626122515 1.9584869497877873 4.213565659386876
pulsar_143 3.7258507769544935 1.0312796428618876 853517.4713129745 9.675217161897782 0.1029993484497714 -13.4178455078677 -13.623446852864875 -43.24220996714513 4.837320303644593 3.7204646125353618 1.8017961257374844
pulsar_144 5.07814521473714 1.2816828230709327 809758.568831344 9.839219786186847 0.047838399122655036 -16.7062705815604 -14.75379714497403 -43.5995044261389 3.2298334572178917 2.498154569357306 4.226079634733769
pulsar_145 3.999326268890742 2.123323499894639 829304.0073338724 10.063516576323702 0.04441075542549024 -16.47666275010669 -44.69399158380409 -46.48397986465992 2.5911771736934286 1.4740457795202868 3.2364439359187287
pulsar_146 0.6268572525301314 1.9974464446789324 900327.3975805127 9.916960016785549 0.0671055853696231 -15.239001235438923 -44.20988153790975 -44.40505316059802 3.313390049144462 1.2768475110498496 2.947542431585227
pulsar_147 1.741532198446103 1.6393402202244838 927036.2640448802 9.836321941008533 0.18424416947081826 -46.766776795119874 -44.098366830641915 -45.94528711040206 2.2578234949653204 4.531624782523663 2.850666121673832
pulsar_148 5.830288921955677 1.7374209425557836 929908.4503301217 9.837013811987294 0.44206104520012157 -15.997131713105507 -44.41144940844261 -46.307371501858 1.8936071230668694 4.956394240155102 2.7554068538172043
pulsar_149 1.1382271140004452 1.2819457781505486 911577.0582749901 10.325567157731605 0.07202752976080024 -13.596945308856348 -43.262880082700256 -43.436143334388156 2.548382645434157 2.0085957976415987 4.054284147542493
pulsar_150 4.899781810184814 1.4998527791967209 919395.7298509454 9.97852381901557 0.11803108536935306 -45.13509706003482 -46.22812095162949 -43.841977889032705 0.4625599845159629 3.140913151917391 4.431114639241402
pulsar_151 1.6344797047014659 1.4899440553970946 839780.3339521735 10.101495939047554 0.20245408326907768 -45.94611200187622 -43.31134281890652 -43.92301843982979 2.0896786511234144 4.4510756958038735 1.0224001661426028
pulsar_152 4.212102259666064 0.8010318950925988 839221.6286385444 9.751434644581918 0.08416944092825761 -13.93872775641369 -45.53095290275301 -46.084589749797516 2.477954480492094 2.966564045244633 1.7173803508919876
pulsar_153 1.3625382008041849 1.949267781266647 916195.0141115726 10.125503905228056 0.13271152987257298 -44.037322153421606 -44.18956941821883 -46.36484336477765 3.333504506293307 0.6299475384558857 4.695532271004286
pulsar_154 0.03811941584928389 1.3604406031487493 892254.8550652975 9.79960882224974 0.13888607943736722 -13.625514492009552 -16.413638051448388 -46.28350688598138 1.7342971649731798 1.074503240212238 3.269068570207907
pulsar_155 5.36606688294879 2.134307524210484 872940.6508294389 10.020353725451294 0.06455436527044545 -16.10551861572215 -46.494580142048896 -46.74166463243946 3.443979553457884 3.143613933236565 3.610006823892068
pulsar_156 0.2239186775351746 1.4328962892037804 855130.3335972339 9.900975246456449 0.12553251616687633 -14.070356822260313 -13.725227369491254 -45.562083040886314 2.5141483785236662 1.912795295829951 4.243757745646507
pulsar_157 4.629720133882959 1.3706320126580005 917217.9923587799 9.787059307212072 0.04786176645419658 -43.081973511816166 -45.687406876968495 -45.09997740630582 2.981155534031772 2.096678301736265 0.8876689619107754
pulsar_158 2.658117530990728 1.2635390899087147 930860.5292131434 10.061947021789958 0.18382258015617112 -13.360503235816573 -13.188391856281973 -43.48083023546667 0.9532758587482312 4.9197620805349125 2.2991711848589933
pulsar_159 1.4532146804866337 0.6196048974359735 882891.7326352745 10.16126164070161 0.13503568198141344 -43.181403620071706 -13.145590733253721 -43.28539143316323 3.5313010352077976 3.168094910266722 4.133019427081951
pulsar_160 5.26736828464189 1.5868607332073623 843734.1724177338 10.31131624774412 0.1719616557849348 -13.948140653179534 -16.74052325204668 -46.38748427845647 2.055411498702634 2.829240529859878 0.4413712575972553
pulsar_161 1.7892334880518834 0.7248476927897763 875096.7944482112 10.37148209153985 0.07365146673359174 -43.394294779273245 -44.800820809599145 -45.04793702896094 2.4478650134897846 2.2383099774881043 3.786629152823695
pulsar_162 3.12817964377312 1.6530024530495953 879125.1871744453 10.440186089832046 0.1310602053405715 -15.43499798706274 -46.22579489283949 -46.84030724765134 1.9812065663119032 0.729052360767679 3.8682922723110242
pulsar_163 4.36685626091368 0.17199985313734867 872496.7194444891 10.339902150451412 0.17718959369645584 -15.472043201380973 -14.973465481526043 -45.03987140336558 4.127553271097953 4.5418914696804755 3.1903310863988077
pulsar_164 2.913245457582292 2.4948077171539005 893016.7043576939 9.92112395727069 0.045828507032359196 -14.783884661331962 -16.842500736709432 -46.931136042979944 4.624048033649617 4.141833437354503 4.143970448302546
pulsar_165 0.5683614758719032 1.1465139702278426 817769.5494426825 9.716024261446126 0.07663110695819991 -44.99812471296639 -16.473948891146982 -45.15194381835051 1.4288432624134864 0.7669099218199412 0.29694611373987007
pulsar_166 4.705278442534567 1.419098881335228 847499.756499796 9.641576950444144 0.1575829576648299 -13.069472495550903 -44.465179553465575 -46.37581399569838 3.823300102310241 0.7080038906131154 2.676579702039284
pulsar_167 4.78666111457446 0.8037045277195736 906217.9428084452 10.128505675747443 0.026933604070698672 -46.37737425023053 -13.27920923270027 -45.72961083623544 2.2471640264986243 4.487005108797985 2.8971699929608703
pulsar_168 3.9673776707780224 1.935811489276083 798975.4540308093 9.820703582369807 0.12928954845729457 -16.908739641169106 -44.509317966307876 -45.10739660592286 0.5946193152146049 2.1012602212610836 4.147368115076387
pulsar_169 3.230730143605877 2.8045846970733566 849499.5155285713 10.278531450699365 0.054479438995409475 -43.34726941550486 -46.69639859344137 -45.180318657341935 1.0009005571680953 1.1072850850570715 4.417639375721432
pulsar_170 0.7469745976285065 2.9339670266123834 869157.3130759235 10.011094083112676 0.06626418483797826 -13.38035856397679 -16.075799482428103 -45.285157575688984 2.3453036235684364 2.5046797770530547 3.4600025943892567
pulsar_171 4.369334086902849 1.614492522079313 848724.6715461747 9.679749475955857 0.14701941962619333 -13.376523931531638 -14.771922700508384 -45.31675498209715 3.8001090243537528 2.628917801715956 1.268457437936302
pulsar_172 2.997609794666584 1.5181685987191322 862978.4111201286 10.264681316873277 0.37693876384504615 -15.59286653230145 -14.74997838421131 -45.8672480459852 1.1717555036866067 3.008614870280518 2.6373986906627747
pulsar_173 5.692466400974153 0.866218159675435 838198.2614959009 9.852662678040158 0.1321731114516114 -13.869514665821615 -15.274471185264744 -46.551220999856255 3.0807255960661757 3.1314570086977582 4.065207284377191
pulsar_174 5.081408747561092 2.061252864739445 921728.2406408924 10.084792240927936 0.14832884201820917 -13.924009118835706 -44.634431555728085 -45.88980807382728 3.6323355720761894 0.7541138583280034 4.436549783361738
pulsar_175 4.4054479385865415 2.105319895694296 919361.7254148627 9.702619788982071 0.05486968509691355 -43.35693940297485 -43.49026530423671 -43.109025263361204 0.4051423927833647 1.576007688470744 0.9577459232985286
pulsar_176 0.2756187176838309 1.695614818983912 799318.1619719571 10.06685059075108 0.12971675022197024 -13.525543006118228 -44.425218022145096 -43.00417230313248 3.1432829809843197 1.4650018980880655 2.400869116086396
pulsar_177 1.6745373837125712 1.7110424593231057 890239.0180533892 9.913037584645151 0.14525940825125888 -46.196441128658705 -15.912891816470124 -46.78789769495322 3.4273844840969945 3.947315984992083 1.9290340381565834
pulsar_178 6.146012841381482 2.1563545483382818 802478.2061104742 9.753175817776317 0.2115642017252626 -14.631505794796935 -44.1639642068209 -43.48005263895017 1.004061077201046 2.2583744531478827 1.9942299106025934
pulsar_179 4.1278336911347 0.5351724061137606 891833.8990235863 10.011655699498904 0.08851330765676287 -44.4994622695902 -14.205304140012949 -43.74437171966896 3.8179847760457593 0.7299924416633771 1.837097089184264
pulsar_180 2.0705533755540073 2.3181124561942585 890186.956488931 9.716965242832238 0.2569008420157412 -44.47591423456724 -15.76769731954898 -43.3962433468334 4.5547218386130535 4.272640399876667 2.290368740641057
pulsar_181 0.21143362453585532 0.34150388408223836 770393.399876072 10.160566974265066 0.1066808373338097 -16.460940485324475 -46.130375586124316 -46.29910931793094 2.086792140686796 0.9208003441561683 3.341529215757945
pulsar_182 4.828767021009307 0.9126465647421499 846328.4138772346 10.125881962184627 0.1130723854601472 -44.94343132035305 -16.09474775909063 -46.82636715041771 3.492515314303832 4.757570234440746 2.141959888852167
pulsar_183 0.9265899674942907 1.7246577838617185 891684.0386094787 9.87201617458733 0.09922161157501955 -14.969682818885135 -45.85151458088397 -43.84607155701811 3.647705447747171 0.8974487960197322 0.5564493143265923
pulsar_184 3.4126282889482518 2.0797204260749336 855961.3385983618 10.005829511386903 0.27240967197055677 -14.500628486042164 -45.75429915675293 -44.4215555942181 4.830890467737784 1.721975637325219 3.604908513813129
pulsar_185 0.33607548026241085 2.4318798020527073 859583.0168280569 9.71715159561101 0.10932707514525639 -16.949689312205066 -46.49398716288775 -45.71094716335748 1.5811824729038841 4.012369768845858 4.948373404275377
pulsar_186 3.0841639267564065 1.7300601284244668 852478.4190036335 10.257599556140747 0.07995367220786591 -13.315639780985457 -16.59535370179362 -43.63914603189741 2.457815419086266 4.692010833866038 3.1512920650345557
pulsar_187 2.417146098785693 1.6544384669582564 803752.1443697177 9.774803945223631 0.12440785820237987 -16.991616737468462 -45.79077559082726 -46.42461620963747 0.5684270778205254 2.685874602114448 2.4334481713254617
pulsar_188 1.8750027929566446 1.4506769678449123 802067.931971432 10.21968180104195 0.07692531613427914 -44.80693842392554 -45.99179710899337 -44.47384269979758 3.5511629141969636 3.522807392730127 1.6278677532917436
pulsar_189 1.729170129155019 2.8799822238418713 892537.7579313572 9.930380220808585 0.1418255061936612 -15.315774273409879 -46.05096159917596 -44.353319072444194 0.32831411403810523 3.9228860337264773 2.8655162673369277
pulsar_190 1.1649710984491342 0.8033587155722521 848408.5366036891 10.08907386568761 0.25317167775644167 -13.284175476010423 -14.131625469570103 -43.570319295296 1.0855544080760557 1.8331646221576197 0.5990062183211639
pulsar_191 5.846206579525358 2.1856220757409957 827840.7405892418 10.21483705392239 0.09066640691449107 -13.923899079529308 -43.22151329308433 -44.44811403849434 1.573298576905155 3.4016333128161276 4.022646533120502
pulsar_192 4.396135511127885 2.044659096655136 872340.239544779 9.527546947330238 0.34480075896732565 -15.792245165560873 -15.023793586312378 -45.87826911419556 1.5084645885022434 1.1579735374915767 3.2997320391857583
pulsar_193 6.251671171460983 1.1722083261123115 874655.2665629302 10.153974275064442 0.040779225484883275 -46.758892910112564 -44.899802298278146 -43.60518448599283 0.6346855958168482 4.3941279704300555 2.9064333690716797
pulsar_194 1.7396760304101677 1.8572498332814398 874111.8120852318 9.422830475138918 0.45754380942531264 -13.901090945478037 -16.45050671767932 -46.327497324212004 1.8809297721781437 2.647414049594196 4.8113799400979955
pulsar_195 5.411477274256124 0.8430707167994586 821176.1555837566 9.586440462688959 0.10610404927910991 -44.90342224351053 -43.69810582677967 -45.398501604323215 4.501991360469709 4.699966940667337 4.680789355992374
pulsar_196 1.3167172046941775 1.0928856628666472 883602.685777553 9.89043643546723 0.2032019856385187 -14.277688175460955 -44.95875284103616 -45.596901574823505 0.8640827477998363 0.35075851114920104 4.111403255178763
pulsar_197 1.4345787850003135 2.047874188721776 882054.3195595432 9.953955360315332 0.07039341289853428 -13.842587494572566 -14.381404111758318 -44.675161064403625 1.650845918711316 0.9156494589294922 4.259611125466513
pulsar_198 4.600786249259785 1.0321731261962022 915016.1695908508 10.144358832915442 0.14248422329886862 -43.39184240737798 -43.486572621050705 -44.39398200600159 2.3726378805649238 2.8703719355065402 1.025701398573147
pulsar_199 1.9257119389580941 2.185653087922878 807869.3204435124 9.608882332890824 0.07307106264626588 -16.87919274427685 -44.731814612641884 -44.34240061918025 3.091145607686766 2.216222332944211 4.455065862533616
pulsar_200 1.1700622952523287 1.2558755823761112 830785.796523533 9.839610296518094 0.08844414940771073 -45.58584738728526 -13.931877755792438 -45.60209864782492 4.865320578537162 1.790524993014398 2.765641854072797
pulsar_201 5.612373953069946 1.6762431787757022 878323.6336571885 10.459580951121396 0.15091060655744287 -15.33113084938705 -14.460638873730954 -43.05439841398902 4.217848214773085 4.3117915949091286 3.155298973870712
pulsar_202 2.906712567162998 1.996061520815903 819484.0150278308 9.6842380978814 0.08628322449183766 -44.96693357716299 -46.65159015582562 -43.507963607786884 2.1932973244037477 3.64451016865436 0.3992234763026823
pulsar_203 3.593617973133602 2.079734844281776 861335.7451045942 10.034816805363498 0.14563569383346364 -46.99956980757531 -46.22882781355215 -45.29312863134104 4.91322522009154 2.539968057675949 4.88975554863241
pulsar_204 3.8018974999579993 1.6835912461149538 892956.7950111091 10.555816704442782 0.025307649258161754 -13.69979784532587 -14.224742453310151 -46.10862737389389 2.307328407056837 1.9375974134743719 2.875026999783504
pulsar_205 2.010093131285848 0.4620752519229431 868281.9582092843 9.809468428462084 0.03133616187877878 -13.857723266813831 -16.62204167414059 -43.05036593848372 1.4172501335261565 4.2987750335847235 2.6507967993130146
pulsar_206 5.984226657971683 2.359393905415914 844083.5559538788 10.090110337172222 0.030945445196462452 -45.78298643972177 -43.886608114861644 -46.87119679752846 4.610066139331344 3.8622486651146177 3.4688092815425993
pulsar_207 4.708637441868939 2.5897010152323716 880478.4776800362 9.69913553187557 0.09160200363346077 -46.14316616201904 -46.023361970655074 -44.48221074355896 2.7042094996259483 1.901052157814878 1.4554355652774902
pulsar_208 3.941976347060303 2.977227790795958 877102.4076502593 9.87279180575328 0.1698760844858546 -46.97738468214273 -46.00361725941478 -43.902602616716294 0.5188863982420212 4.495780837517265 4.4517377603814134
pulsar_209 2.8539468468877787 2.029024411738664 860235.4649756269 9.785149064216071 0.35398472536795084 -15.071300908267881 -14.274985561342145 -45.6306442837519 3.021180276580284 2.937476786089562 2.0276537619476698
pulsar_210 2.3075252055076096 1.4028360844296635 886518.2168304761 9.99012289467355 0.04478109037961702 -16.40839146176553 -44.91421737761837 -45.387494848303604 1.8909730533917057 1.0688864098749713 2.9924061698213773
pulsar_211 2.8410365185188002 1.3565829158514369 893059.4908318155 10.139684681046818 0.051526609027277674 -13.421223694421146 -14.470904715672646 -46.994247670842 1.6998420481878855 3.135436911133578 2.94883277530956
pulsar_212 0.5370204456170717 1.6429568644995078 854749.1707490067 10.153953565540375 0.09445428301428513 -15.139253395652618 -45.794982433603266 -46.62227350244559 2.649310165376526 0.5519628557665109 0.3714057609238574
pulsar_213 4.529562619276359 1.1724433349234762 792511.0415459155 9.933042193980757 0.023416364753856053 -13.747317074182146 -45.08117531878982 -45.34448457592492 3.372813087563149 4.475151410509161 4.862783941431141
pulsar_214 5.027164742094993 1.7169223679999615 798204.7648302902 10.334630821761651 0.22610266233877352 -45.481448406950044 -13.188244636856984 -43.05078219839995 4.927750094046899 0.6665246709828263 0.4112060153031789
pulsar_215 5.848167331491328 0.8410892943945161 875449.5708568688 10.060330347881584 0.06635709030766226 -13.434675541998068 -45.78869227553045 -45.304555670273096 4.609396304099864 3.5644117681418788 2.3689279749634835
pulsar_216 3.269310484568516 0.5107970651428174 902943.9056269303 9.49548171148867 0.08736206124972733 -44.46563493600874 -44.23256862887428 -45.633245341600436 3.843843191382417 2.6468413051275004 1.9667169554747312
pulsar_217 0.2879454788229003 0.9176213643841149 853783.1147493313 10.29665508192557 0.09656208398157301 -13.011260692139738 -46.41265171941656 -43.48132166755309 3.606325919183773 1.3349575322833125 4.017487484587863
pulsar_218 1.5664528923461338 1.913901082018088 806064.567718213 10.31152060406242 0.16013013136305085 -45.13823334598783 -15.475322091188215 -43.29697094759354 3.3555188818134214 2.479234393033632 0.9993020420413277
pulsar_219 0.4298266934869378 1.5812522383512035 947582.8647305095 10.132000518904453 0.2384719377593376 -14.54534370716393 -15.187948700736868 -44.196057196479515 3.4787998109008265 2.7943655061108372 0.9589782022637214
pulsar_220 4.4371959944136234 0.2988188902644573 819151.8521544102 9.957369500213925 0.029960852796358753 -16.717800945578215 -45.7294956786733 -43.75752847832121 4.838216700103941 3.8359874957143063 4.549462013756532
pulsar_221 5.305634859056473 1.738207777308784 890831.1602776538 10.063640344331244 0.027887622296834717 -13.218653485052219 -46.28813929866014 -43.84299954188964 1.850389039471647 2.2479648841320516 0.4696761527407267
pulsar_222 2.2883394206797427 1.2621327335874462 869400.1402597557 9.827780594499352 0.042616115153364754 -16.47372181792783 -13.965443735148451 -43.8558079541435 1.119997741466428 0.38058280609054096 0.5125973658349205
pulsar_223 0.3760502043103322 2.139612381122411 877562.7327544832 9.72989360934899 0.032719637009669324 -15.637782797423457 -15.049600023661025 -43.652058260945836 1.3592966205399848 2.4155020889525534 4.342571304911252
pulsar_224 3.049008440915367 2.352198176056062 891919.3058902108 9.777887868799212 0.10020553282420468 -45.8542333227172 -14.458967437024645 -43.102904071631556 0.6564089710903072 0.6802540287343365 3.1534319502903365
pulsar_225 5.7506441253020535 1.700238819684129 884503.0519002965 10.02342955405434 0.15215091496054983 -15.276640352444312 -15.640705282067712 -44.55250373544149 3.520798319107066 2.1971125118286707 2.833897396851422
pulsar_226 5.343146747008991 1.6327107601712991 901905.1185673382 10.312064884029008 0.09953540973841483 -15.222198013795555 -44.74264946335698 -46.94127368866988 1.685621286430566 1.1015846076799094 2.6862667853533524
pulsar_227 4.563665728957938 0.8361195754207011 870235.1283294978 9.920293699685864 0.0502837228252582 -13.353283421542855 -45.5431944224516 -43.28682301984402 3.527293858740112 4.950669611256441 1.227923566011591
pulsar_228 5.6864083073029335 1.218240425731882 887448.5748101288 10.132332247438768 0.04354867107761004 -13.8058671205244 -43.55459520414276 -46.02401965013574 0.6580094474126057 4.397197337001302 2.4069918625618905
pulsar_229 1.9550536485358685 1.3606532095147736 854022.6766264401 9.922760548471935 0.04545052015857115 -43.728243529626276 -46.138705542606374 -46.53666996709073 1.079648564486447 3.5843414081366762 2.932609068466274
pulsar_230 3.113120595096127 1.7299157880193854 901437.5277863567 9.642136649675294 0.08344160232478019 -43.16020792583054 -13.096923904252204 -46.43715522964001 0.4929915455386831 4.682497536902928 4.974318290628473
pulsar_231 2.21941941900319 2.0045287682451987 860109.421163291 9.989607836002529 0.01713423354278469 -43.10070287866235 -46.860144496568225 -45.598605705586166 2.686509914958282 0.48594750575799894 2.193029393048939
pulsar_232 3.3786292338707877 2.171374316038642 832737.5211284092 9.81911396426295 0.3712301950169507 -46.8620478740162 -14.855404946132916 -43.55373881597784 3.7431819601085863 2.883735499665896 0.3582185537542481
pulsar_233 0.5740888428393156 2.104902380235067 905480.6831234812 9.997773805747018 0.05779505282656468 -16.98858595890854 -14.142280533357992 -46.89148708603763 3.6846256476480423 4.634048470487857 0.8807002880222305
pulsar_234 3.0670657002326656 0.5092601146849609 833503.8492856786 10.466895596851938 0.14516756135751238 -44.191867926586156 -46.82569223144769 -45.928628362216564 4.018674261918971 4.514578780621839 1.2120287152398421
pulsar_235 5.53770333156461 1.722122684526252 780104.2204171439 10.09902058485422 0.1673080626156078 -43.87863724335571 -45.54366808745995 -44.07687764724121 2.3783645586260063 0.8521149221320861 2.9990600679998947
pulsar_236 2.7181248233931665 0.8777517659568058 920559.8525446099 10.009238805710824 0.11707798230357262 -14.375201298174476 -43.96182253085646 -45.02631437129878 4.627298566889552 0.5574207407609012 2.702474121732027
pulsar_237 0.2721206466344792 1.9854501639106796 879409.1778277141 9.869298803067316 0.08865749355952814 -44.33892432350117 -13.904159240482013 -44.159181647648836 2.434372062436016 4.009545441584411 1.4152763932244254
pulsar_238 5.443441312589278 1.1602484196706067 779752.1452394496 9.950633011274048 0.06698760125559064 -14.998782576958416 -46.54036323433385 -45.38664677218103 4.69818616212858 3.866092359195899 1.4620372501894512
pulsar_239 0.7669436644750058 1.4949968878389832 807702.6619238105 10.030820620894447 0.07077622649075925 -14.940132927127273 -14.732669124233903 -46.32908473935784 3.409749916315905 0.32132702239058575 1.7445698611200224
pulsar_240 4.680993042970161 2.5868843905556194 841178.7072683638 9.875639142187653 0.04047187465311611 -15.07778450693883 -45.106334115252665 -44.87196174491677 3.7913833517459636 2.189862908307768 2.7395477252413696
pulsar_241 4.526336376863562 2.837822949408555 924682.0128296572 10.206618776634423 0.1490566420633898 -45.79277657449168 -16.59205581541349 -44.201808770379145 1.4812511347168806 1.1933729510290894 0.5041999773755141
pulsar_242 2.2626744292119216 1.0399932116125052 815986.9377083606 9.77103156281454 0.07089932050985605 -14.371010118919695 -46.276041628965956 -46.63378846143195 2.5721444144198644 1.29846702367854 1.835062854299823
pulsar_243 0.17209253378218642 0.8251148397034082 888850.1650437553 9.743757667422335 0.10333927927394472 -16.79744645545531 -16.21872569730919 -43.16095711237075 0.5902423862078372 2.564628115411727 2.7295732952913436
pulsar_244 3.8235500458631204 1.252370447973453 902050.2402328495 10.227967633239828 0.08583811525142629 -15.050473801072162 -14.427620397400968 -44.2648303796236 0.8631284662040276 3.18488173652322 0.5253569017662993
pulsar_245 5.316832456274322 1.289287080366756 847909.2453597966 10.0985966541378 0.05578094727498761 -14.000298992720083 -15.463359286671785 -44.6874584402272 1.7738404189781873 4.058360382047674 4.093214991876264
pulsar_246 5.942364456022025 2.7651815362135963 904170.708436284 10.075510535427014 0.12616872762169037 -16.596195520286606 -45.69350359079199 -45.07401317656253 1.6422762653559504 0.4720981038995635 2.740170570069154
pulsar_247 5.332859457477209 2.6223951001395314 895612.8108992027 10.001332794440403 0.09262402284515138 -15.29144085623598 -43.22119592824579 -43.06442300191512 3.6530863691455573 1.5348072715392902 2.6832532562388307
pulsar_248 2.7354637633471524 2.1817991552468206 801523.7242284401 10.00723141259178 0.06128543203345171 -14.290931872365187 -13.28127155376133 -44.58439035823033 4.34644505521535 2.4760013129191 1.5227877223424062
pulsar_249 1.8282903321917594 2.4159444227797033 924253.2363097764 9.990263176528208 0.05538518044387641 -44.26029695662406 -15.045484232452345 -46.9351474940657 0.2971403109453164 3.474116779457333 3.3576973199684628
pulsar_250 5.965820139435444 2.542357003212397 871806.0719579725 10.381702685267818 0.13555415117390757 -14.44741117219069 -43.2029069972911 -43.78279364535214 0.5057008158015628 4.538967705805181 2.992345965308988
pulsar_251 3.070050454893471 1.4973637460540696 812912.7850305473 10.260807178099986 0.0711593058504007 -45.60240536132122 -13.225656300945392 -45.77068124445599 3.864383322201178 2.3853594894889127 1.2093616076926559
pulsar_252 1.2119469583491753 1.6057743210542754 882988.9127160574 10.356659717527364 0.08539989654482517 -13.502973536259024 -43.304096435679334 -46.212181257651636 1.076211826247607 3.5695892973295402 4.369157735513169
pulsar_253 0.45287366888983893 1.3485548219828403 841209.9994668625 10.34928060087788 0.09473440637090653 -43.86349374183541 -46.24739804019258 -44.51328086754421 0.6119007028610036 4.291538362471653 4.665191281202042
pulsar_254 2.336308997661481 2.4564418849032132 886649.2402282048 9.958136388593562 0.056388728383707856 -13.375618607155475 -46.30366030933028 -44.215052117115675 1.6994446422109815 3.3710239317829926 2.599775681115081
pulsar_255 0.6447094914677028 2.084158179525419 894894.8599363287 9.90605910961522 0.14597163088950735 -15.91072657459139 -43.785361903571825 -43.454614132599545 3.7690343072773813 1.4030936243804937 1.9921499754116931
pulsar_256 5.881331611235384 1.9726520365799403 872384.7390708147 10.168672651393434 0.04005524969051358 -46.551074447510274 -13.875839620637375 -46.61265552296455 3.2497016812184687 2.7514364664939857 1.3281221143940236
pulsar_257 4.41623472699418 1.6282430779851305 861503.2448128742 9.97228343784006 0.0860554272925093 -15.756874216001384 -44.93093460847837 -44.82129296364968 0.9518340948362347 0.6657566951868727 1.4467864480572168
pulsar_258 5.674355030769258 0.8554776731592606 860879.065883059 10.28382880056194 0.0810723773102493 -14.705594591488955 -45.98381036124151 -43.40105197715862 3.552294817211248 3.127876808704455 4.5845763260714465
pulsar_259 2.3674666012203804 0.9402067251036279 919947.762316697 9.680854302023544 0.2145550523439289 -43.49627156356031 -44.219206776104116 -46.53244156118268 2.884831537742289 1.7199326561267358 3.298583914735389
pulsar_260 5.7372005731828075 0.97201888611804 910034.4902515867 9.831364032643071 0.07967240154765796 -13.145429455503537 -43.31545173511788 -44.913894377436904 4.640620902121246 1.9171641310782777 4.620388072644148
pulsar_261 0.28180711848711465 0.8230463161204632 866061.5756710159 10.095073222320268 0.07325006174736569 -16.514700893885646 -45.003716891720785 -43.9514952409502 4.466245047395502 4.5538846599462275 1.7997685869667743
pulsar_262 2.5666716686185653 0.5500459094937814 772280.1839470408 10.20561095387886 0.07763207826829002 -15.520407873042318 -15.035263388212242 -43.930130786226094 4.382344654323732 4.304275872026955 4.710355223442159
pulsar_263 5.651171581779868 1.5573015353652941 814751.154490133 9.993460691202749 0.052424780326788586 -13.224119340046569 -43.17876669912815 -44.960672017354725 1.3672791342827113 3.3330754548702997 1.6948275288427948
pulsar_264 0.2892538931277695 1.5647506795868102 846624.7145391273 9.751320296911334 0.042165853957238375 -13.148632265288699 -43.59164145035978 -43.28326626565733 2.5258770027673974 1.7896739917005529 1.8596760763113953
pulsar_265 4.950548383252071 2.424346052077933 902491.4739246302 9.910461213535383 0.4858797662384342 -16.384469124642372 -43.978598410787484 -45.43206186667598 4.046286200450924 2.772536704503365 4.2271938741291635
pulsar_266 5.977159681226907 2.709663449387654 863930.1088983289 9.751756256462487 0.04446956193873303 -43.41756014461028 -44.554155229071476 -46.6119056514145 4.450007129444886 4.028529219131277 3.780717974080099
pulsar_267 2.190054204027044 0.9886857215777756 843792.398299854 10.021736525390253 0.1175310806261201 -15.864787891555029 -45.2625186384342 -43.46148658588007 3.2215246136342577 2.4287721759259315 4.176673792099626
pulsar_268 5.391584879713824 1.3853029440091627 835508.0122007547 9.755957873223362 0.09391693663120779 -43.820038833994005 -14.785051478370466 -46.2505902885614 3.3120113096803268 2.9763471354266757 2.23417636156546
pulsar_269 6.015109937929003 2.1379073615487316 839096.5307199626 10.020803020715446 0.059660034584956306 -13.566584275184228 -14.867595499321016 -44.36016328844457 4.646547875977597 4.141133927081429 4.0754830895164025
pulsar_270 1.241282847644177 1.7265968582792652 882718.0206152914 10.323470817042452 0.0537837402021889 -16.055883507063566 -14.951882424147671 -45.88741481172896 2.191724595976213 4.686097730281071 4.597608753321028
pulsar_271 4.378712470349827 0.6814223008805592 901069.0332342223 9.868457164297396 0.21395753706735218 -14.23117500015196 -15.704850852509106 -43.22144136448279 3.9977902336754 4.298913310297702 3.160354942809896
pulsar_272 2.4137134122604267 1.477523779720193 836674.6370042113 9.75298429218691 0.03423237159384333 -14.75617566045791 -15.098481098573806 -43.10448450178169 1.8122142118080338 0.8226372031863757 3.9319603337240494
pulsar_273 0.20030128008926976 1.049787158503525 863511.2070154215 9.802039622997514 0.08728191914968461 -15.860209844382716 -14.928865532130722 -43.8641415607471 4.576953157398553 3.41200618724222 1.2018149931177773
pulsar_274 2.8052371570717054 1.862762925684471 907361.0858282084 9.825907462900329 0.18676727448026503 -46.510396801589195 -43.573094359486014 -46.216539516865836 4.914307691226087 3.7528199453337474 2.693442693788893
pulsar_275 1.8858860628514016 2.533377686658065 903386.5084892933 10.128720246030337 0.07041988172698484 -13.131286139645013 -43.02809267920325 -46.03327262147172 4.925526863925828 4.409716677773396 4.86696939940231
pulsar_276 3.598786709811733 2.5706874309312946 763181.0317716474 9.934932890308584 0.16700667207553752 -16.56875542137349 -16.836281860928736 -46.834563939272684 4.358424634302935 2.288786564622245 4.738058605912093
pulsar_277 2.276832486668762 0.678705049367527 792519.7406034475 10.10153301826937 0.09770339757695629 -13.240766791916462 -44.22383270774382 -43.86719286476525 4.8171428965679315 3.9890183211104424 1.9973476111657966
pulsar_278 3.8966228408045724 1.4950018148187862 871691.088607102 9.919772422980607 0.10609431811352828 -16.592399170451426 -13.004148804316204 -44.048715161292286 2.3052000245804587 2.874057831666583 1.129756313320334
pulsar_279 2.7583659346671885 2.8780572368505237 858847.5746484406 10.08378694463587 0.17732300883178825 -16.32954774907358 -14.06138313929992 -44.42849473046046 1.2767429934766907 1.0382897378014373 3.847251816978353
pulsar_280 6.0758196310858255 2.103787513470541 885708.928902534 10.012232743222297 0.16075006830514096 -45.88644642456418 -16.984777940385094 -43.9960085423652 4.4064478193501015 2.4873575420971346 1.8901713146852006
pulsar_281 2.709295277720136 0.6737310094729948 869700.1848348748 9.94411481961777 0.051935855555126 -14.838754674788387 -43.77841109973296 -44.535806587398 3.1923643409933384 3.165624030919136 4.5031718085916905
pulsar_282 5.763233954962301 2.0334211587543107 888084.2630158087 10.07680909245354 0.11752050632787243 -13.811308247702408 -45.52061040585077 -46.20638077338707 1.642063795300477 2.4535145049867126 3.6012739241833303
pulsar_283 0.07485881706987167 2.8302659463502438 831573.3370553766 9.819424227819779 0.3360992116598821 -46.49952149762865 -43.794783816542015 -46.192964146761476 3.570905134882021 4.0731391798706795 4.628146075638283
pulsar_284 2.1010274763757044 2.203926231938556 835497.111038212 9.521021611282723 0.2474555485283248 -13.992487879867326 -13.582380177226737 -46.01019827128698 0.29627071397889015 2.1800198885904174 3.2245065002833555
pulsar_285 5.479544489297582 2.3411459558234027 863087.9948335639 10.075716678372961 0.08287475749266705 -13.414084536595102 -15.061819081984348 -44.278672273242094 2.7447415272281543 4.062027292339549 4.078408042185279
pulsar_286 0.5775685933594639 1.559123506849642 849876.9618772285 9.85862313500056 0.527092228744682 -43.013763755771905 -43.18401576456878 -45.72537637858633 2.950406826934368 2.476129061914417 1.030279661755433
pulsar_287 0.28689688309650063 0.5551152436108424 932162.0293071412 10.377798021211492 0.09068238208317553 -46.445303443426695 -13.97467013401286 -43.06919073399589 1.0848991705174051 1.0857909294264179 3.2656573488363088
pulsar_288 4.897067071602648 1.0659112762674015 881758.6850114149 9.96915000634473 0.052687866576109826 -13.109293053555078 -46.574748224895245 -45.487646657971794 0.25934211451545075 3.2193598703281707 3.2008057713838087
pulsar_289 3.0561941798566132 1.0619377989019982 851626.7726177152 9.771386469429812 0.13402692868945493 -15.09555153476104 -45.77564803119574 -46.51310039886455 2.7710110986460132 3.3621670278938085 2.217141060130232
pulsar_290 0.4563793492491546 1.2611985410648008 885735.8148205685 9.781003743142783 0.10854286332193079 -43.83767949717502 -45.667511061638265 -45.366094704501215 1.262391335186422 2.1197917605786234 3.12161423050611
pulsar_291 5.8027001904354405 2.503924876769521 890587.3342229269 10.259128590825211 0.21737184244279706 -13.591489220474116 -13.112475985935585 -43.99475804719578 0.8663994192467785 2.0328862088432524 4.972237595642125
pulsar_292 4.339545848940278 1.5362455905505974 885819.8884988172 10.067119652134863 0.13063049876087635 -15.22685400332355 -16.283770522028735 -43.747291012776046 4.905305437805519 1.6745370699699682 0.9941562774389323
pulsar_293 4.82730234426504 1.1311341597283318 834774.3301729475 9.991906868680925 0.1847566310928456 -13.002515845084005 -44.282754029550205 -46.34911721738547 2.0576431914910813 4.657612967787781 4.519528087075848
pulsar_294 6.066278569806554 0.9049081290678851 869336.3838557997 10.309064426205296 0.13783874924500855 -14.76192648979767 -45.449773988951705 -44.390691206934825 2.048585049862872 1.2083629050939397 2.744180532698477
pulsar_295 3.1148378600261695 2.130934420954564 855157.8372026174 10.113299560435932 0.08040033486004516 -16.125652621867495 -43.83517350402343 -43.54305187689357 1.3339440175303987 1.328885853095225 4.322521424218609
pulsar_296 2.055821647017504 2.5435044429818787 805246.8042353044 10.455900007839391 0.2439143201496751 -43.82820296622094 -45.84978019500102 -43.17795162375099 3.938592321175067 2.279059559822032 3.9984219404334795
pulsar_297 0.9220418196397036 2.782892222727289 859835.6023868999 10.013513664675342 0.048629849191444814 -16.216224442619303 -14.10545640113931 -43.1876629615838 4.9567819249768075 2.9891271831782977 0.36256324274056373
pulsar_298 5.645368161953829 2.6344478859863636 820060.5882200412 10.038943491175516 0.21232645481408813 -14.252840168107584 -15.049942916308314 -44.39169555173008 1.5217838281970706 4.529403967267197 4.903057190179608
pulsar_299 4.132520438110395 1.38118588458564 888605.0415412912 10.111384965331712 0.18596504450832657 -13.595037211413155 -15.036747162786359 -44.694171705651 2.7105740196900077 2.01813700542891 4.923642969768654
pulsar_300 4.855042155574062 1.7075466494107263 849843.7529314329 9.64108319959687 0.09517083036378574 -44.875777917601525 -13.597071050106987 -46.9921935483616 3.623414997809571 3.3627279047842653 2.7051194736240136
pulsar_301 5.9462571477329345 0.8100460533142373 874799.0522997288 9.849235726613285 0.590021561828858 -43.67753270169603 -16.232919421114968 -46.296182577920774 0.5567930056303234 1.0287412247648269 3.095571217349069
pulsar_302 5.007603631823066 1.3628590970207974 884017.5047135018 9.563537599287093 0.1570393516879911 -13.541730136170697 -44.976045027861076 -44.122228256767784 2.7325332998880714 1.1428900855202357 3.608248523236637
pulsar_303 2.4468153418847454 0.5927271824509576 918416.1351524758 10.363999790119662 0.154979012230834 -15.709814338073171 -15.482534530913838 -44.63802342049229 3.672843372055513 2.9386300748774743 4.481364318153313
pulsar_304 2.0257171637454614 0.30414284969888167 805933.637822131 10.196530340076304 0.1448690551993513 -16.618361989510174 -13.812510668330832 -46.51702522527277 1.3880676757575365 2.934277693251142 3.3226362007767563
pulsar_305 4.714951345732676 2.0677102119696964 805822.8241091768 10.28328464952634 0.029793998647786774 -46.76005956037682 -14.15894235120636 -46.36222868642821 1.6316118899984373 0.5491174405876361 0.3034609449030208
pulsar_306 1.6542323682566074 2.0587761816467043 799701.3577308573 10.177026759232781 0.052730593725065535 -46.64165104710662 -43.895324941972355 -45.406828584626794 4.754578024956214 1.5788707564185984 1.3888620784561314
pulsar_307 6.001916127962684 1.9202420968246945 844559.4159253209 10.381625213016127 0.13079589240745398 -46.096825129899045 -16.265027813219262 -43.43271489130088 3.147664115796332 3.350169608429386 2.397420348979089
pulsar_308 3.8868267350050485 2.7011758556171186 866776.8756901771 9.918704304681258 0.08508776427932951 -13.430225594276976 -13.15188172798848 -46.059778141755196 1.657460811022502 2.8323239075452786 1.579460980999246
pulsar_309 4.491424937809202 2.6577161595415713 865009.4930371527 9.7166477620579 0.034600144140848374 -13.851831704582093 -44.90183131836761 -44.70353353169787 3.2095113761636513 1.399526633762499 4.878351479927349
pulsar_310 4.9885686756245295 1.9630512988372952 827188.5292793014 10.028141299801176 0.04294412342359144 -14.13183058579297 -45.28814185179113 -43.776315165557946 1.630010185106646 3.440075196262277 0.5688606244600749
pulsar_311 1.0018776012341748 1.5303529716293567 834874.1722923778 9.876562731456847 0.048816597671520176 -14.486603908239225 -46.32090757932606 -46.902084543255434 4.933576342424878 1.037872563128035 0.6656279154453196
pulsar_312 1.468907645691635 1.7551882291206287 842956.9424455088 9.97822300303937 0.05684180657287215 -44.698266622330934 -45.31363754680051 -46.355841766764485 4.5196118791651205 0.8950238690805268 0.6385232521874369
pulsar_313 5.97542631561008 1.0850523793596178 851359.4547506644 10.030528321565662 0.04693588322961967 -16.90131633202806 -44.77373483279222 -46.60255542178061 0.5029146239233678 4.757334270744415 1.7764925544676857
pulsar_314 1.5778975486216407 0.9990357388993432 843954.9922410016 10.315060936376618 0.050692498008725224 -45.00769502448094 -13.88145864643122 -44.26024136213619 1.162502821058696 0.5008078610390656 3.8257677067333526
pulsar_315 0.8269252041319569 1.1361300251443773 796400.2446025705 9.935834073319306 0.12137960037819992 -16.870662467040454 -44.76812672759173 -43.88244609915805 3.861623300646632 3.1479311707803106 4.986282557259548
pulsar_316 1.4523657002573345 1.7503917167348708 829287.9299944068 10.092973219213457 0.23372642992284862 -44.63959372927076 -45.13414318092287 -46.84161166688874 4.704958886315748 4.852098165040759 2.529937440948955
pulsar_317 5.214879857323601 1.4704440080045813 874407.1199278106 10.006459536991898 0.08458026108709792 -43.54827411462826 -13.709672065044918 -43.388580545056456 1.3493616819873302 2.7181506344849238 4.3757005814413406
pulsar_318 3.0725067182051338 1.3484240204681441 816438.6118991798 9.987538202259781 0.008847133807217265 -45.96584600778831 -15.8868854353872 -45.60974823169668 4.798712777719543 1.9418734269050497 0.6062117414049775
pulsar_319 4.83670482099918 1.4480216538449666 855050.8898216747 10.495736371421783 0.06476062450017334 -45.6959448495123 -46.629564340272374 -43.37936781500344 1.7061868988748763 3.4939002773028376 2.395974459250817
pulsar_320 6.186833234620514 1.9132164979606279 868478.8989658752 9.840553907862505 0.04117475445733613 -43.26253683265245 -44.349936530572194 -43.86285448491882 2.227613505900795 4.627279289128303 1.8061741112907908
pulsar_321 5.718724884338857 1.207299263656148 833405.8922178888 9.979111220321672 0.2254355568052337 -15.5446825646872 -43.967003894411164 -45.08808815903535 4.351923492439125 0.8166220300076253 3.5617236669156283
pulsar_322 1.375590662536304 1.459506011456364 834659.0081226364 9.878165085736905 0.5715575297717684 -14.025798168083558 -14.685467850823088 -46.59635940594515 4.49175320268534 0.3534999079696328 1.7912655539534557
pulsar_323 2.9347851428528395 2.9755334382880316 824692.9162746285 10.235551611707823 0.08313452872376723 -15.742325693691004 -46.386138246953664 -43.179254719180086 0.5449909262489635 0.27326903865576035 0.6573229481893005
pulsar_324 6.201434278645162 2.283645500768608 892397.6843382665 10.01860837782488 0.12201527024504985 -46.2174042227323 -44.27183476548863 -45.23014527981513 2.5864924670226315 0.3265983944087373 4.265810343246746
pulsar_325 3.760565429628554 1.4667586601947609 873597.8276754067 10.216266549726132 0.020660042383041727 -14.257532128765892 -46.54867214326842 -46.40403331701512 2.1693452933918147 0.8578809152433275 3.332335231510512
pulsar_326 0.26262193737805195 0.37249216401009216 922814.4008268632 9.754558894601143 0.029151046993117637 -16.057629480305415 -16.97694941009922 -46.77821359932025 2.178206670431117 0.5175042301414733 3.3101055648800317
pulsar_327 2.291241575998805 0.9341555244199433 815341.4966013801 10.028815887536524 0.040102463011211224 -13.207662428792467 -44.68741738010116 -43.55696743684027 0.7934129581060432 1.0223549587865621 1.7096819045318326
pulsar_328 3.8068080717742747 1.6530747478524548 928357.4986710479 10.03267552276626 0.09723676472866284 -13.244671976083303 -15.879322920645588 -46.62519076559627 2.511566164201305 1.6502153226210738 2.6995416666805667
pulsar_329 4.91589303202998 2.3283675158900112 818745.0905945218 9.970198543198038 0.1292365298069226 -14.536862698677712 -44.832373831164674 -45.2367625059735 3.375608546466569 3.0368091477960615 3.837244010157048
pulsar_330 0.1960030129977591 0.5845943070452697 838346.0896555368 10.046622099846115 0.07311336671657356 -43.716817455635194 -46.755404142408516 -43.32050397343919 3.732865743835137 2.330657796396258 2.9291787242387697
pulsar_331 4.465937927064967 1.5371082626028914 833615.147084827 9.724391223824176 0.1312702672628912 -45.07177494722754 -46.09202272671439 -45.35949898986768 3.7470270619545882 0.8254525699011126 2.6584326468217756
pulsar_332 1.4896096136396701 1.116562215213048 836140.9872457426 10.049161879596435 0.39151659325748184 -15.61009562087343 -16.492986781613787 -46.67080181796066 2.670293544714571 1.6488897287260456 2.8797315396481107
pulsar_333 2.58381326403663 0.5566161477041144 868863.4022689908 9.884697069365025 0.12419108768107699 -46.20046911580526 -14.87232849936854 -43.5591383117494 1.2959226135970674 2.666540828989759 4.89841778367341
pulsar_334 2.971990288914381 1.586234353048002 863856.1284203783 10.395308682070596 0.24748326961933179 -14.590212775543218 -15.696681523680123 -43.53735443992254 2.0967842040520672 3.2255187896920647 1.4939693313194276
pulsar_335 4.908323184429786 1.2962129690898714 895959.1286247293 10.30021940673313 0.06880075608371182 -14.838431029755876 -43.37033685985625 -44.216547233910205 4.3761622205851705 0.5505893945795435 0.5545356048636881
pulsar_336 0.7513843116534353 2.1863226471133888 914913.2348764061 10.09372443833136 0.044382311857129056 -14.284405429844155 -14.29060473309422 -43.88200346702336 1.5387129944571742 3.7483970023058335 0.6473066620653448
pulsar_337 5.883414940491204 1.3109027400526403 892543.8859491395 9.840139794623378 0.07204727403684155 -46.85907358184062 -45.900295088455465 -43.47676668715176 1.015012229054698 4.5943123478863805 1.805902899609697
pulsar_338 5.059510637503486 1.4386070365215802 884425.4750096636 9.81844053048351 0.11591769281217489 -45.099203745405234 -15.962918695618452 -45.2777197948621 3.2522066098853624 1.4463852735105565 1.1893790616011723
pulsar_339 1.4975236550988538 1.5440337223953124 846030.5324075152 10.32202092758077 0.08499298783665388 -16.807355018378182 -46.48348185343083 -46.041771586017205 1.6472735021014415 2.2914905446202063 2.5252606831567435
pulsar_340 2.720034276314314 1.7720310260916494 857158.4512972053 9.915646804154118 0.13512868154018315 -14.701740944271766 -13.23083482008821 -46.76139392702866 1.740871307612815 1.2205199938023983 3.287037179558426
pulsar_341 0.18386902867995805 0.38514138210549076 904302.6338134898 10.01199432099427 0.1690813693381288 -15.965010315967064 -15.742642540301993 -44.31524871163447 1.3855356010657651 2.477540072143214 3.3088046490955625
pulsar_342 5.492970845071866 0.8673984050422053 846966.4417207603 10.373380343064346 0.25202522802991695 -16.297865412990525 -45.73589125897047 -45.06134203937627 2.4554765757723565 3.482048792236085 0.5279897917045311
pulsar_343 3.9561259592062616 1.390867145441053 846838.549209379 10.20060014814658 0.1156000195805317 -45.59917900760137 -45.86077387657542 -45.150887594618865 2.2217584891117816 0.2776008511612571 4.507919993432943
pulsar_344 0.731496538175087 0.9772921647282092 844724.2382782437 10.070037249615476 0.3306444257773652 -46.48478772249523 -46.28689266204998 -46.741434348136096 3.873295815617224 2.7409594145771425 4.218924439873273
pulsar_345 1.587776223283114 1.1816584142432882 902598.9914850103 9.990735479081762 0.03992532294981222 -16.5499146174764 -44.30264613102257 -46.64519598044649 4.673308368335827 4.52184621885511 4.063149770870771
pulsar_346 5.952455029613716 1.002854168450441 872550.3243431485 10.128918208107347 0.20463365327780386 -46.33387467211791 -14.617591456825698 -43.35953275650265 2.6375545736312707 1.8630153620224292 0.8742098001118689
pulsar_347 3.679574856971219 2.027118817293509 871587.0326016342 10.175415583752738 0.21280488003164064 -15.656795663461777 -15.755990720047368 -46.33535156299528 1.094607796013274 4.302375629286597 2.020764608187802
pulsar_348 5.65947133698543 1.6990446379895001 870112.8269179249 9.866093008042522 0.13202792804006808 -45.04595386270363 -13.520822072195594 -44.32564683587819 0.9252139295517755 4.047768433007256 3.4696662307306507
pulsar_349 2.096246754894054 1.3890298140663164 823487.8971622473 10.106639912174284 0.08662828755044726 -14.545529842619231 -15.769693818561349 -43.96959367537166 3.700988378594238 1.5598452899766544 4.562857653373251
pulsar_350 1.3454439876659625 1.2537622202418504 852924.9140982728 9.869273489145353 0.17032896949826015 -46.05686462781935 -14.96662190664404 -44.415188156745536 4.516823979017222 3.2552209824274034 2.520792986267818
pulsar_351 1.8676485228590154 0.9892399979687837 827035.3268651624 9.816404234715606 0.12072261103008826 -43.752066452616184 -13.616282260808724 -46.83401465823424 1.0620567449937166 1.7656633916482039 0.3035900684135924
pulsar_352 1.9285162902250241 0.9302891481207461 772153.2578649148 10.061896694143728 0.045927699346004915 -15.974520727132996 -16.049091568769732 -46.22642950687364 2.673806644676479 2.898658591516367 2.4268206796033027
pulsar_353 6.260447052601035 2.6066285452994156 834636.3185881295 9.749012298113648 0.11130496387957606 -16.516055743368092 -46.74111890098101 -46.223075365845645 0.42231983898940967 3.4293022321765276 1.1858203873011899
pulsar_354 3.557279999039575 2.946296108303398 874037.5620807367 9.998814057959926 0.28680784870130166 -13.097191231588015 -15.055356285777393 -44.09909868276729 3.4426276961338536 4.809083155935206 1.9608787745398946
pulsar_355 4.862368234369175 1.6286349166633114 872797.7913072116 9.985730024256961 0.16021705041251919 -15.389194090699636 -43.14335335539254 -45.45609856775524 1.2095279667441718 0.6784063143988659 1.4584440570038342
pulsar_356 3.696407156414495 0.4698804937924921 854296.7407879523 10.338916924770569 0.03207415336082647 -45.44527845220156 -16.841109519408043 -46.34409500179038 3.945870857617716 4.554884419248095 4.537459138533575
pulsar_357 1.6010522352421181 2.6995549457412316 877552.0160222254 9.998374010996804 0.1123063104078284 -15.282113243989 -43.691768444199546 -45.186409741726166 2.9983797634115628 3.1422363931290502 4.355434622553687
pulsar_358 4.908265932294682 1.1884922455674465 889407.2532296716 10.427446918992413 0.12345382906378086 -45.68080107155071 -13.103631117700646 -44.23371307950845 2.2852195544556833 0.6081802544219592 0.44238119674254706
pulsar_359 2.308795527152735 0.6455703469493456 882922.9290379079 10.220101164036071 0.1992733825209998 -44.28218566199759 -16.279776879560373 -44.71937778894316 0.479196157088726 3.6593822187566123 0.6607897778836561
pulsar_360 1.827267969584355 0.32021301042966677 819310.8107638699 9.864054845271276 0.12108344265796718 -15.022002133425348 -16.94764895297705 -46.516297632322164 0.7374716187320061 1.5005198988745174 2.992330432201748
pulsar_361 2.57847717975802 2.3348619752782844 914471.7760838325 10.021964526074244 0.09869063206187169 -16.061205297966694 -15.663444821197285 -45.87634682025579 4.108919383321443 2.01534852997173 0.7550118580503813
pulsar_362 0.2637768139053094 2.045484116954807 887770.0594204242 10.174503632919834 0.054086310566777505 -46.69493868594155 -16.642169666148483 -44.445675665627746 0.8842779297735984 1.7863065268353715 2.3665106318318494
pulsar_363 5.20723794877994 1.641522690767922 888488.4590876976 10.194665849938307 0.110550730095893 -16.426908763975458 -46.24190502040262 -44.159727260260794 0.8644032266441193 2.355548343237985 4.744346161782289
pulsar_364 5.3813506068679295 1.1912584079758033 807972.3260162848 10.21445693731145 0.08791336675062704 -16.770133449553622 -46.92950344425569 -43.3923211484511 2.667081124847578 3.5821046806242154 2.7056126118186334
pulsar_365 5.220538384031333 1.0551794315823588 787340.4240442874 10.135113995046279 0.1853415780768644 -45.654086746786874 -43.037715603687225 -43.09012738556721 1.218223729354977 4.754635948123836 1.5899436943988818
pulsar_366 6.073682944350571 1.1749601200254678 879926.404185341 9.791008824158657 0.21368074787976551 -14.337305852879293 -14.257063048623772 -45.17945275322817 4.74208806101794 3.2421192441912456 3.9876145245658425
pulsar_367 3.832087098299484 1.1854978710795718 779174.6057621962 10.049367754638276 0.12097097911761982 -14.448755893166684 -15.523463218168365 -43.253608374402035 4.8688978780237555 4.825627780045305 3.064258003088611
pulsar_368 0.3241137274955463 1.0382580866834257 931104.2370078454 10.017260250456461 0.039409415028657864 -43.933149069573744 -46.86122016336516 -44.2481246556282 0.8637223975502181 1.8390449318840896 4.297861403992489
pulsar_369 0.6121438367790893 2.1585777760466716 822513.4814192172 10.094157883051617 0.32576262140604983 -46.63101266640034 -15.708162562918153 -46.200037540883685 2.7118614311154294 3.417270137221021 0.950536318199779
pulsar_370 4.089972145311638 0.8543515023527897 776258.8712497704 9.788389737631153 0.32685231972018786 -45.71813408711709 -16.190317780597226 -45.90205073906503 3.6530332725718253 0.9119056012501511 1.4575659500939007
pulsar_371 2.8048891871826185 0.6177773325788275 888754.3170337589 10.042544738395733 0.08305781860288847 -13.175936378832592 -43.883294172088256 -44.54157879328914 4.8122507445239355 1.8163008173401607 3.2165093815868278
pulsar_372 3.1535958545411273 0.7834902415433714 848599.6153581453 9.814030912991287 0.15169914729225922 -14.116132669908176 -45.294477736918694 -45.59408410203141 3.9784291383066432 4.749001567971237 3.4247627098369993
pulsar_373 0.4938934011027098 2.3594186240836668 846516.220039557 9.58806814986261 0.13351052796983992 -16.32680214037917 -46.471829807651446 -45.20167859148692 4.362659360473655 0.48015344000724297 0.38972189736101503
pulsar_374 5.849740718502562 0.6494816439003505 944274.2560641392 9.921096501069732 0.1508713336064482 -16.61771285121715 -44.50937699431354 -45.27403240014858 2.6972712545056545 4.282011397809724 1.0797367712920842
pulsar_375 0.6043797612795097 2.016490186266759 871356.8096300595 9.792302955941446 0.11111599432152036 -13.939205318244108 -16.2253087655673 -46.174012871112154 1.7240659546769086 3.1610202005383314 4.1860827212290665
pulsar_376 0.8755166584908333 2.6873325307514127 853312.8363322811 9.801401558360789 0.13839644522199537 -15.134980600490763 -43.89582392676989 -46.48289566851767 4.03071877366069 1.6956962037360233 1.4760658201463706
pulsar_377 2.7481642098730448 2.6066365925522055 864645.4436569344 10.132995493729608 0.05220774270044849 -14.038912262628855 -44.346251688102335 -44.57563222472429 1.54631571422338 2.8848307735125944 0.3743443086213087
pulsar_378 5.1452018849065055 0.6986773425867066 781155.4040280744 10.091270999104502 0.041951981580401206 -13.410494805006325 -16.68163274651723 -44.77955473339334 1.7907636336904835 4.202969693377428 2.2035885565537683
pulsar_379 5.7446922677112235 1.7189824568030472 813249.6571860238 10.185792164311508 0.03849039416955816 -15.523263566015842 -44.0420501176035 -46.00780824993633 2.8305979110840034 4.973302094690491 2.344217943178976
pulsar_380 0.6447742923271371 0.9556300346859449 926108.4555720164 9.861137377072245 0.2531607444822774 -14.894484428973245 -44.04793210428076 -46.71433610826956 2.812428529488895 1.4810193698756742 1.1359389100826436
pulsar_381 4.105637658759456 1.0454271432954894 911955.8286348276 10.202393999333855 0.10537965522510413 -45.065395067158875 -14.50055206496258 -45.59250012160159 0.4734209473249835 2.0409257082529493 0.8238624135407538
pulsar_382 0.10970534974956817 1.1415220909765222 778162.3972182738 10.145314681555833 0.08057184028322623 -14.89911558605177 -14.139579106972857 -43.32867299214034 1.9673895125791103 1.6386817596952894 1.3643281201703161
pulsar_383 0.6247527870432177 1.6343547348014418 843066.8234482805 10.28966945779096 0.12567404387755574 -43.51033377621379 -43.05790406649581 -43.54858045333659 3.814735352357198 3.9030998571799183 2.7391579438971414
pulsar_384 5.701858679701329 1.1818155489400324 888034.4757521435 9.961865538063712 0.217037171087642 -46.80414461607436 -16.956106346556076 -44.23250333112612 4.818830223454451 4.544955902182218 4.11871699867053
pulsar_385 2.2377680330091465 0.7461247101232308 852388.3805773638 10.141808498480943 0.12052520962938132 -44.68348933115898 -15.813843321367408 -43.75973190017555 0.3752463214961768 1.8299036923143766 1.9984321391097397
pulsar_386 1.4956674506246603 1.526100079147047 851732.5702451474 9.90065603378149 0.04514500810778891 -13.172889847461573 -45.982907244258534 -45.71234621097763 1.2504415713412214 2.311092824869722 1.103989939598043
pulsar_387 3.6818953636516145 1.291856232470739 872390.2754472678 10.341251048545306 0.05137857788266263 -43.173985048376046 -15.834321504317488 -43.835776985363665 4.858264540222692 4.067012746637699 3.3870534835286867
pulsar_388 6.09433456415136 2.400918288372939 814367.0424656423 9.64841396263886 0.14006898765724404 -45.50751954083034 -16.592817294929358 -45.78413499005181 4.218980259580415 1.8235924569559578 1.1918493304477429
pulsar_389 3.137054255546362 2.1613761484183653 791036.6597238376 10.099611638025197 0.1067779398016538 -46.32350696748774 -44.84199137007286 -46.15638645727176 1.4555679032953848 0.3881425770571004 2.5118321548011497
pulsar_390 0.8633180447393427 2.7084389989688127 859513.7704996687 9.91043879886902 0.09605762413099844 -15.175265507976336 -43.57706567096362 -43.36871324021028 0.43931453027204015 2.3934272573564153 4.213607674395073
pulsar_391 3.775806678148289 2.4071926702281083 887247.2226426626 10.492516646239944 0.26166971970107655 -14.338428044887365 -15.364008490799849 -43.07761565247543 4.291896228793536 1.5787656177503404 0.493120282975244
pulsar_392 3.3457335560214423 2.25695895850491 880920.965900875 9.91086012586026 0.06744161409440151 -44.5028738186719 -44.330984248462364 -46.635686826567564 4.900778980690371 1.337178616450931 3.546507695105243
pulsar_393 3.864378678976743 1.0314341416483994 865663.1835085162 10.30400850612338 0.1068147402329583 -16.020285996356986 -44.779687132032265 -46.21954389362203 0.7962162943683162 4.1896061696623 2.3572215759400112
pulsar_394 1.3555365400038595 2.1385484922921836 898287.9774036974 9.984105898015832 0.04146751501786211 -15.768997633222218 -45.037649883132836 -44.47486206611329 1.349125018810827 2.1966947327425888 3.2608590257403574
pulsar_395 4.580581875122809 1.000388574109277 902628.6349755841 9.709443354765755 0.23909673872960782 -16.020746572554444 -46.71021299481843 -46.48737130115974 2.49640824025636 1.8218092607989322 1.9767074524251584
pulsar_396 0.4663763210420734 1.6585022862180967 872151.3759577952 9.8626730744204 0.09843341085538061 -44.89614991437976 -44.46000029219152 -46.47813985151616 2.4950571333251577 1.603041490161611 1.229012148108854
pulsar_397 2.563097184274307 2.2199798754636633 829840.1559815824 9.669430353071888 0.3275856245813524 -15.785250241865159 -13.875869751792612 -45.31197281563679 3.8326553374955417 2.0299042354202586 3.793287135428107
pulsar_398 3.3549928893391954 2.432539798702853 822817.7958181624 9.63993946926923 0.08219693265937165 -43.07801668156543 -44.80315103224301 -43.982609643027985 3.237089034495117 3.808250769623295 4.603886897863974
pulsar_399 4.826746931953165 0.8617117659937885 866853.8222211623 10.329630357445922 0.02321628853025554 -14.283181708768286 -43.74258275884662 -43.009674062737005 4.7258982400309035 3.49818847754247 3.790057829083885
pulsar_400 0.3769137053718889 1.3694907466549504 820092.187888758 9.76296405530174 0.07344610853522617 -45.54995793913093 -44.47563863669741 -46.45729394041845 1.8662335459191486 2.3310407736984615 0.33932568462249285
