-4.451301685964606847e+00
-4.451417717362857296e+00
-4.451533146476868374e+00
-4.451644837860373904e+00
-4.451755944930896547e+00
-4.451863490944760748e+00
-4.451970454953873002e+00
-4.452073938051824165e+00
-4.452176851345957864e+00
-4.452276417124947372e+00
-4.452375424933897818e+00
-4.452471211977601762e+00
-4.452566448776734020e+00
-4.452658564675791908e+00
-4.452750137689607257e+00
-4.452838684344037290e+00
-4.452926702243381385e+00
-4.453011821328883180e+00
-4.453096423127232306e+00
-4.453178235560197429e+00
-4.453259542449325536e+00
-4.453338167373698475e+00
-4.453416293136743143e+00
-4.453491813627963758e+00
-4.453566846502062582e+00
-4.453639374387772243e+00
-4.453711434233086131e+00
-4.453781126147251967e+00
-4.453850346129239135e+00
-4.453917216460822281e+00
-4.453983641191137544e+00
-4.454047879632354601e+00
-4.454111672389319487e+00
-4.454173311966243887e+00
-4.454234518037528012e+00
-4.454293660553118706e+00
-4.454352384405549259e+00
-4.454409144101115992e+00
-4.454465496893977416e+00
-4.454519968095970839e+00
-4.454574034966705121e+00
-4.454626259201655003e+00
-4.454678098089214444e+00
-4.454728205092787441e+00
-4.454777930810273290e+00
-4.454825967041665002e+00
-4.454873638844206951e+00
-4.454919717755136510e+00
-4.454965435118959149e+00
-4.455009594006820173e+00
-4.455053407616509809e+00
-4.455095752669333997e+00
-4.455137757821219679e+00
-4.455178336723662369e+00
-4.455218584040605556e+00
-4.455257458413382388e+00
-4.455296018558625448e+00
-4.455333294380812603e+00
-4.455370256578955690e+00
-4.455405953780768868e+00
-4.455441352937595134e+00
-4.455475565176629793e+00
-4.455509481605862909e+00
-4.455542235167802012e+00
-4.455574705946381719e+00
-4.455606078969596595e+00
-4.455637180739567604e+00
-4.455667242592742383e+00
-4.455697039645993840e+00
-4.455725834128801743e+00
-4.455754366835074087e+00
-4.455781920688422382e+00
-4.455809225197683077e+00
-4.455835608617015886e+00
-4.455861745894069692e+00
-4.455886984970733877e+00
-4.455911996657465401e+00
-4.455936188342401572e+00
-4.455960147808072591e+00
-4.455983279998132929e+00
-4.456006198742861635e+00
-4.456028365911989475e+00
-4.456050316138070677e+00
-4.456071511556644715e+00
-4.456092499790681671e+00
-4.456112775519476266e+00
-4.456132855671696369e+00
-4.456152270947458582e+00
-4.456171491404354867e+00
-4.456190057211491862e+00
-4.456208442573615258e+00
-4.456226228411189538e+00
-4.456243829283035751e+00
-4.456260822655932152e+00
-4.456277648647102296e+00
-4.456293930971443551e+00
-4.456310036137437258e+00
-4.456325572427150661e+00
-4.456340954242418384e+00
-4.456355845404257998e+00
-4.456370572607150748e+00
-4.456384784872670757e+00
-4.456398855729459818e+00
-4.456412487228691433e+00
-4.456425967432653401e+00
-4.456438982768522905e+00
-4.456451857604768918e+00
-4.456464305381875768e+00
-4.456476617122160810e+00
-4.456488519814917559e+00
-4.456500293227521503e+00
-4.456511682053310608e+00
-4.456522941504820423e+00
-4.456533820199900298e+00
-4.456544577754295133e+00
-4.456554982536018450e+00
-4.456565271137743700e+00
-4.456575224964645088e+00
-4.456585055782271709e+00
-4.456594535891308162e+00
-4.456603919461432639e+00
-4.456613030583405966e+00
-4.456622031281697538e+00
-4.456630723630917501e+00
-4.456639310958798283e+00
-4.456647608035830821e+00
-4.456655810294318343e+00
-4.456663753164123776e+00
-4.456671598895794340e+00
-4.456679181614076946e+00
-4.456686678114599509e+00
-4.456693943517660905e+00
-4.456701114818629073e+00
-4.456708036458197242e+00
-4.456714878362674881e+00
-4.456721510823999921e+00
-4.456728057703982060e+00
-4.456734382047270238e+00
-4.456740632092118126e+00
-4.456746690845395875e+00
-4.456752674562382666e+00
-4.456758467005710322e+00
-4.456764180695288680e+00
-4.456769695622996075e+00
-4.456775138770176170e+00
-4.456780402525944318e+00
-4.456785608507644270e+00
-4.456790671496707823e+00
-4.456795662010065051e+00
-4.456800474912977705e+00
-4.456805226286845389e+00
-4.456809828327272349e+00
-4.456814373856980538e+00
-4.456818783551878660e+00
-4.456823136112905814e+00
-4.456827352662653396e+00
-4.456831505348520572e+00
-4.456835507464421475e+00
-4.456839460605689140e+00
-4.456843299370724765e+00
-4.456847084364481404e+00
-4.456850744977183254e+00
-4.456854359267727439e+00
-4.456857867416510466e+00
-4.456861328038164594e+00
-4.456864680784437205e+00
-4.456867987635086514e+00
-4.456871191290518119e+00
-4.456874349833482185e+00
-4.456877407890494247e+00
-4.456880417948309692e+00
-4.456883322088207144e+00
-4.456886188557554362e+00
-4.456888972667708337e+00
-4.456891721905573256e+00
-4.456894395605964121e+00
-4.456897024493117421e+00
-4.456899557209906604e+00
-4.456902056464643991e+00
-4.456904484564499391e+00
-4.456906887515950544e+00
-4.456909237476868846e+00
-4.456911541721952474e+00
-4.456913750529030160e+00
-4.456915925563697201e+00
-4.456918030731977787e+00
-4.456920115831212392e+00
-4.456922159784808102e+00
-4.456924165661174442e+00
-4.456926094185861054e+00
-4.456927998560241910e+00
-4.456929854313432138e+00
-4.456931679593230555e+00
-4.456933444074745232e+00
-4.456935177118211300e+00
-4.456936848000530027e+00
-4.456938505633088354e+00
-4.456940137297705995e+00
-4.456941739487534804e+00
-4.456943284431519992e+00
-4.456944815680648375e+00
-4.456946320564953545e+00
-4.456947808789440302e+00
-4.456949265225899737e+00
-4.456950697781782544e+00
-4.456952085175897693e+00
-4.456953451556229240e+00
-4.456954778545531681e+00
-4.456956099562165541e+00
-4.456957409478586207e+00
-4.456958717340689269e+00
-4.456960021416080053e+00
-4.456961314237906535e+00
-4.456962586511798996e+00
-4.456963859698374719e+00
-4.456965134533651174e+00
-4.456966418163053056e+00
-4.456967717566476139e+00
-4.456969027501441971e+00
-4.456970356163851399e+00
-4.456971709401431170e+00
-4.456973105965799320e+00
-4.456974535871717435e+00
-4.456976024054372765e+00
-4.456977555693997672e+00
-4.456979162638763370e+00
-4.456980816930551370e+00
-4.456982552564848987e+00
-4.456984374910716085e+00
-4.456986344956407109e+00
-4.456988407585605216e+00
-4.456990626569831804e+00
-4.456992958891035528e+00
-4.456995480985809444e+00
-4.456998164922187478e+00
-4.457001117548018421e+00
-4.457004238229444582e+00
-4.457007635548443147e+00
-4.457011468823055544e+00
-4.457016013674055976e+00
-4.457020565430556580e+00
-4.457025128334061392e+00
-4.457030030844733481e+00
-4.457035478342683099e+00
-4.457041372533861789e+00
-4.457047977530748994e+00
-4.457054936441067206e+00
-4.457062453768644517e+00
-4.457070561002175246e+00
-4.457079591238873206e+00
-4.457088968719333799e+00
-4.457098884916878667e+00
-4.457109675965352125e+00
-4.457121813081075246e+00
-4.457134631091025589e+00
-4.457148487936664516e+00
-4.457163231813960458e+00
-4.457179317787242745e+00
-4.457196244402601870e+00
-4.457214432290882655e+00
-4.457233748133167417e+00
-4.457254742336369979e+00
-4.457277029331631724e+00
-4.457301224007658824e+00
-4.457326720007552368e+00
-4.457354120296713518e+00
-4.457383078582275893e+00
-4.457414297948598225e+00
-4.457447087955447529e+00
-4.457482138452615317e+00
-4.457519046969160570e+00
-4.457558607583758103e+00
-4.457600226776916585e+00
-4.457644760109276127e+00
-4.457691399175383928e+00
-4.457740994436516502e+00
-4.457793055041106456e+00
-4.457848548360100693e+00
-4.457906394703609720e+00
-4.457967490072416439e+00
-4.458031394544729409e+00
-4.458099146254602019e+00
-4.458169858758584958e+00
-4.458244592849736065e+00
-4.458322464358470683e+00
-4.458404562316867548e+00
-4.458490048440781450e+00
-4.458580061411765882e+00
-4.458673447724595285e+00
-4.458771303721967172e+00
-4.458873069612919515e+00
-4.458979974347151654e+00
-4.459090615695101789e+00
-4.459206127130937780e+00
-4.459325641648338667e+00
-4.459450331034968684e+00
-4.459579391142612259e+00
-4.459714055594883320e+00
-4.459853126738750895e+00
-4.459997801741615753e+00
-4.460147002218561418e+00
-4.460301910417203253e+00
-4.460461607622323577e+00
-4.460627295902833467e+00
-4.460797714405299708e+00
-4.460974001458639648e+00
-4.461155371974767192e+00
-4.461342998613358368e+00
-4.461535597514564522e+00
-4.461734264951199513e+00
-4.461938002369231882e+00
-4.462147877162656151e+00
-4.462363040532604685e+00
-4.462584554322784669e+00
-4.462811273091763731e+00
-4.463044190416304957e+00
-4.463282278034747641e+00
-4.463526472504952380e+00
-4.463776128162596279e+00
-4.464032183138572307e+00
-4.464293452035262177e+00
-4.464560779768060428e+00
-4.464833360971207199e+00
-4.465111997807833966e+00
-4.465395876193704261e+00
-4.465685747735451017e+00
-4.465980657212544003e+00
-4.466281279769379609e+00
-4.466587087409108037e+00
-4.466898728857105816e+00
-4.467215271190251968e+00
-4.467537282259502973e+00
-4.467864119516930188e+00
-4.468196299229409085e+00
-4.468533220263218197e+00
-4.468875348153387606e+00
-4.469222037464788855e+00
-4.469573696046039935e+00
-4.469929699180711147e+00
-4.470290397558322582e+00
-4.470655319735112876e+00
-4.471024771024500133e+00
-4.471398179790223359e+00
-4.471775798499101562e+00
-4.472157144397022499e+00
-4.472542424345935963e+00
-4.472931564333351595e+00
-4.473324748991718280e+00
-4.473721080214473567e+00
-4.474120681380628461e+00
-4.474523504354603887e+00
-4.474929651765134686e+00
-4.475338710011318000e+00
-4.475750749470340573e+00
-4.476165340922405811e+00
-4.476582527014985047e+00
-4.477002126076904176e+00
-4.477424161655402024e+00
-4.477848363685112076e+00
-4.478274738776685915e+00
-4.478702984004894638e+00
-4.479133093458681714e+00
-4.479564902399609139e+00
-4.479998395718628679e+00
-4.480433109920050505e+00
-4.480869029826997973e+00
-4.481306202618022816e+00
-4.481744606242858531e+00
-4.482183845018420598e+00
-4.482623905779768769e+00
-4.483064527373181285e+00
-4.483505705723429102e+00
-4.483947437033661387e+00
-4.484389716883774746e+00
-4.484832130048452825e+00
-4.485274696077645729e+00
-4.485717187208188683e+00
-4.486159639184716497e+00
-4.486601926048725986e+00
-4.487044094080572698e+00
-4.487485739264564621e+00
-4.487926941350911747e+00
-4.488367627735180498e+00
-4.488807884490871203e+00
-4.489247263766412033e+00
-4.489685893040408438e+00
-4.490123668258274137e+00
-4.490560723704850155e+00
-4.490996684837809561e+00
-4.491431721305643165e+00
-4.491865593349377406e+00
-4.492298489260083016e+00
-4.492730112421837063e+00
-4.493160675337315446e+00
-4.493590041800430868e+00
-4.494018425636308933e+00
-4.494445344541465381e+00
-4.494871060118205364e+00
-4.495295367401785924e+00
-4.495718532048798899e+00
-4.496140299409101537e+00
-4.496560945219121308e+00
-4.496980165559244291e+00
-4.497398252170402344e+00
-4.497814899990308923e+00
-4.498230414522069509e+00
-4.498644773873160752e+00
-4.499058246205852818e+00
-4.499470476971288768e+00
-4.499881759411537452e+00
-4.500291936856698705e+00
-4.500701287249423643e+00
-4.501109699108816642e+00
-4.501517427511076086e+00
-4.501924415810165669e+00
-4.502330887701757156e+00
-4.502736833044183484e+00
-4.503142438528653813e+00
-4.503547806735022085e+00
-4.503953068678375082e+00
-4.504358221773589577e+00
-4.504763372852129244e+00
-4.505168866659323257e+00
-4.505574711876221272e+00
-4.505981097848500205e+00
-4.506387988171288939e+00
-4.506795971366168274e+00
-4.507204879891870242e+00
-4.507615256988168007e+00
-4.508026840467477925e+00
-4.508440434624336746e+00
-4.508855637014425710e+00
-4.509273173027669834e+00
-4.509692549831682662e+00
-4.510115120956124990e+00
-4.510540159427643303e+00
-4.510968695749606461e+00
-4.511399908233336475e+00
-4.511835408198135333e+00
-4.512274143591227471e+00
-4.512718093348624393e+00
-4.513165928625550549e+00
-4.513619461267229127e+00
-4.514077202509819919e+00
-4.514541683930797689e+00
-4.515011089774818132e+00
-4.515488161691447289e+00
-4.515970781364070596e+00
-4.516462028450073163e+00
-4.516959462679715820e+00
-4.517466379844978341e+00
-4.517980041476728381e+00
-4.518504470005220597e+00
-4.519036487254736834e+00
-4.519580559608872505e+00
-4.520133056561439489e+00
-4.520698867111228481e+00
-4.521273907196706077e+00
-4.521863395192709412e+00
-4.522462824297837969e+00
-4.523077852542483512e+00
-4.523703536262636327e+00
-4.524346742649884234e+00
-4.525001820378742323e+00
-4.525684794360109287e+00
-4.526386373194001500e+00
-4.527140153461137295e+00
-4.527928242025891059e+00
-4.528748915034366718e+00
-4.529591105241288496e+00
-4.530462221774435250e+00
-4.531352433139477220e+00
-4.532269126968622608e+00
-4.533203298567491935e+00
-4.534172966228349644e+00
-4.535165732196889010e+00
-4.536193799622033396e+00
-4.537244779016084806e+00
-4.538331911266739738e+00
-4.539442428518873918e+00
-4.540588022489030706e+00
-4.541756293782757581e+00
-4.542959928347191756e+00
-4.544186380817048843e+00
-4.545452595324069200e+00
-4.546744266475278629e+00
-4.548074328131199273e+00
-4.549429006641074302e+00
-4.550820560791994041e+00
-4.552235826298872468e+00
-4.553685679433090883e+00
-4.555157900892396583e+00
-4.556663601717454881e+00
-4.558191042105309343e+00
-4.559750188456439979e+00
-4.561330074343935337e+00
-4.562940148367316873e+00
-4.564570127346115669e+00
-4.566224730968720280e+00
-4.567896104209258290e+00
-4.569589326623285430e+00
-4.571297796927235702e+00
-4.573035280129539082e+00
-4.574792105696019462e+00
-4.576575233340571813e+00
-4.578376263380571132e+00
-4.580208165342021687e+00
-4.582060582711232399e+00
-4.583902618974010856e+00
-4.585742593016816748e+00
-4.587580834130905671e+00
-4.589421761910247533e+00
-4.591280373786068125e+00
-4.593152208465169473e+00
-4.594983413616572143e+00
-4.596796701195200008e+00
-4.598598168205052517e+00
-4.600396997514554442e+00
-4.602177153365554219e+00
-4.603951101594115691e+00
-4.605688500208628966e+00
-4.607410403410428401e+00
-4.609097362693402644e+00
-4.610769659424560629e+00
-4.612406675314454141e+00
-4.614028863158986304e+00
-4.615618038647448351e+00
-4.617193542110581639e+00
-4.618739489237976059e+00
-4.620273507612626673e+00
-4.621781099505494872e+00
-4.623278330230212951e+00
-4.624750528078717338e+00
-4.626213065032776406e+00
-4.627650443453008577e+00
-4.629078114675463596e+00
-4.630479700803630472e+00
-4.631871147138708622e+00
-4.633237317261445831e+00
-4.634593749604135837e+00
-4.635926170553513970e+00
-4.637249468762555615e+00
-4.638550774402653509e+00
-4.639843921264503734e+00
-4.641121673108497880e+00
-4.642394351344155012e+00
-4.643656146738360135e+00
-4.644914965229233417e+00
-4.646146987056960498e+00
-4.647368786449685985e+00
-4.648564547028631644e+00
-4.649750443880233064e+00
-4.650911287657153004e+00
-4.652062726023247663e+00
-4.653189316620960803e+00
-4.654306610691468116e+00
-4.655399454616434340e+00
-4.656483195288513954e+00
-4.657543453150059243e+00
-4.658595047773714803e+00
-4.659624867391587877e+00
-4.660646778916646582e+00
-4.661647610912524442e+00
-4.662640851356157690e+00
-4.663614963906972832e+00
-4.664582328948234213e+00
-4.665528200908160450e+00
-4.666466357017232447e+00
-4.667383927523558462e+00
-4.668294179556039758e+00
-4.669184850874367854e+00
-4.670068637403085532e+00
-4.670934032398054825e+00
-4.671793046850020836e+00
-4.672633505876528481e+00
-4.673467540247433050e+00
-4.674283726678189588e+00
-4.675093791979204383e+00
-4.675887372018809884e+00
-4.676675389297952457e+00
-4.677448910557084005e+00
-4.678217665211142240e+00
-4.678969384220286187e+00
-4.679715377449897851e+00
-4.680446649344712107e+00
-4.681173101320142749e+00
-4.681885102617330041e+00
-4.682592406942635677e+00
-4.683286205843473660e+00
-4.683975681836153093e+00
-4.684651980578726338e+00
-4.685324097734197224e+00
-4.685984351902215295e+00
-4.686640925438513072e+00
-4.687286374274732381e+00
-4.687928428346721965e+00
-4.688560054626110585e+00
-4.689188553602765985e+00
-4.689806649012298045e+00
-4.690421642481843456e+00
-4.691025794315052622e+00
-4.691626707188550682e+00
-4.692216373061871337e+00
-4.692802676599045597e+00
-4.693378206607960124e+00
-4.693950555157139881e+00
-4.694512083707432559e+00
-4.695070432620052081e+00
-4.695618834829321742e+00
-4.696164369032664432e+00
-4.696700336159083555e+00
-4.697233578341664995e+00
-4.697757199164441566e+00
-4.698278093437238567e+00
-4.698788712050383509e+00
-4.699296407485249460e+00
-4.699794399511193710e+00
-4.700289670193900093e+00
-4.700775575026639785e+00
-4.701258882836643060e+00
-4.701733053853532240e+00
-4.702204716395987916e+00
-4.702667626298064008e+00
-4.703128163533816242e+00
-4.703580098331146431e+00
-4.704029722356508181e+00
-4.704471298116065014e+00
-4.704910747361682688e+00
-4.705342571706799149e+00
-4.705772411676340639e+00
-4.706195252052799205e+00
-4.706616308229939705e+00
-4.707030876613393033e+00
-4.707443824449302205e+00
-4.707850494461014890e+00
-4.708255617201871246e+00
-4.708654926604374680e+00
-4.709052834163024670e+00
-4.709446168179134418e+00
-4.709838463846104162e+00
-4.710225388627464760e+00
-4.710611060020992724e+00
-4.710990794990195241e+00
-4.711369129834227287e+00
-4.711742061753988686e+00
-4.712113751151990826e+00
-4.712480437501947783e+00
-4.712846000060672225e+00
-4.713206530313798659e+00
-4.713565938573426095e+00
-4.713919813424879202e+00
-4.714272443353616282e+00
-4.714619264184990222e+00
-4.714964778555510883e+00
-4.715305120358514124e+00
-4.715644331058608252e+00
-4.715978687562431659e+00
-4.716312004062900520e+00
-4.716640492455715261e+00
-4.716967956768420400e+00
-4.717290626538051868e+00
-4.717612289875449783e+00
-4.717929075281403151e+00
-4.718244843014623768e+00
-4.718555889229389066e+00
-4.718865965072237323e+00
-4.719171343987968115e+00
-4.719475767519155873e+00
-4.719777390449308108e+00
-4.720078515066554736e+00
-4.720377552010495137e+00
-4.720676262582628624e+00
-4.720972897612748298e+00
-4.721269213470997705e+00
-4.721563383018496651e+00
-4.721857221677693062e+00
-4.722149022562446063e+00
-4.722440521336809915e+00
-4.722729870937197205e+00
-4.723018898030322710e+00
-4.723305745743417994e+00
-4.723592268761295010e+00
-4.723876668473595331e+00
-4.724160759983179858e+00
-4.724442542905411102e+00
-4.724723982607845763e+00
-4.725003261012122202e+00
-4.725282231616889206e+00
-4.725558816932006856e+00
-4.725835052544038462e+00
-4.726108961723374691e+00
-4.726382537848981436e+00
-4.726653720413425575e+00
-4.726924561013264636e+00
-4.727192891019878829e+00
-4.727460860571141232e+00
-4.727726299018473632e+00
-4.727991377832903019e+00
-4.728253811074587531e+00
-4.728515867544264673e+00
-4.728775305053312117e+00
-4.729034375826309144e+00
-4.729290751798178150e+00
-4.729546751848064723e+00
-4.729799839445654186e+00
-4.730052516245456751e+00
-4.730302415589700438e+00
-4.730551933919660890e+00
-4.730798413969803384e+00
-4.731044471777965832e+00
-4.731287558546305227e+00
-4.731530240425081857e+00
-4.731769785347878177e+00
-4.732008902251867433e+00
-4.732244953021410794e+00
-4.732480593503501254e+00
-4.732713031121082992e+00
-4.732945041241622519e+00
-4.733173781219804255e+00
-4.733402088481986070e+00
-4.733627035372302672e+00
-4.733851540915448908e+00
-4.734072731548002011e+00
-4.734293494120168866e+00
-4.734510802449550582e+00
-4.734727666985726557e+00
-4.734941109179060525e+00
-4.735154118698714498e+00
-4.735363624629302493e+00
-4.735572691827475644e+00
-4.735778185934444551e+00
-4.735983237344322916e+00
-4.736184784589966057e+00
-4.736385905591960821e+00
-4.736583416672324631e+00
-4.736780492747215021e+00
-4.736973900850421693e+00
-4.737166872332698730e+00
-4.737356300988002644e+00
-4.737545316840718890e+00
-4.737730617406695544e+00
-4.737915488329825564e+00
-4.738096743046793513e+00
-4.738277587943954927e+00
-4.738454753138604758e+00
-4.738631506838158813e+00
-4.738804635328675907e+00
-4.738977365929858188e+00
-4.739146465345939419e+00
-4.739315172723222780e+00
-4.739480216325528517e+00
-4.739644870530089982e+00
-4.739805890387869702e+00
-4.739966531051532428e+00
-4.740123601003877418e+00
-4.740280305852775378e+00
-4.740433428597222942e+00
-4.740586191481133582e+00
-4.740735366599603928e+00
-4.740884187804192962e+00
-4.741029491327362066e+00
-4.741174455212988192e+00
-4.741315927812912001e+00
-4.741457070090211445e+00
-4.741594754394538924e+00
-4.741732118314328837e+00
-4.741866062744738208e+00
-4.741999697127111446e+00
-4.742129956307635119e+00
-4.742259916203357406e+00
-4.742386503665536601e+00
-4.742512798393409668e+00
-4.742635863617944203e+00
-4.742758655946260227e+00
-4.742878185859843221e+00
-4.742997445872346951e+00
-4.743113515615651643e+00
-4.743229328058391481e+00
-4.743342007546605288e+00
-4.743454440740110911e+00
-4.743563805092006369e+00
-4.743672934501649507e+00
-4.743778994326349974e+00
-4.743884824924736954e+00
-4.743987746629443336e+00
-4.744090457834079899e+00
-4.744190250796989972e+00
-4.744289838023723505e+00
-4.744386537336173326e+00
-4.744483038732020930e+00
-4.744576772653375407e+00
-4.744670322982224242e+00
-4.744761139173458098e+00
-4.744851779394827496e+00
-4.744939740500980108e+00
-4.745027534619924658e+00
-4.745112738368429284e+00
-4.745197786133515727e+00
-4.745280277898086929e+00
-4.745362620818887045e+00
-4.745442459368033994e+00
-4.745522157144581143e+00
-4.745599409704119864e+00
-4.745676529800804566e+00
-4.745751317925593682e+00
-4.745825984766898209e+00
-4.745898364559189453e+00
-4.745970630001814961e+00
-4.746040617204551282e+00
-4.746110494890566578e+00
-4.746178193584559502e+00
-4.746245792157855803e+00
-4.746311249388440068e+00
-4.746376612490757374e+00
-4.746439970795053753e+00
-4.746503245400310433e+00
-4.746564443812807177e+00
-4.746625559197544142e+00
-4.746684741856435075e+00
-4.746743851484700905e+00
-4.746801113598353439e+00
-4.746858309769226736e+00
-4.746913641081023094e+00
-4.746968909322403007e+00
-4.747022410497096168e+00
-4.747075855635401354e+00
-4.747127567204114662e+00
-4.747179227224709308e+00
-4.747229236962875021e+00
-4.747279201060025322e+00
-4.747327570003857744e+00
-4.747375898055075538e+00
-4.747422685107927087e+00
-4.747469435765686363e+00
-4.747514642040425059e+00
-4.747559814764633401e+00
-4.747603612413512586e+00
-4.747647383303709390e+00
-4.747689700543970659e+00
-4.747731992006614554e+00
-4.747773031290322798e+00
-4.747814051300474958e+00
-4.747853791103488597e+00
-4.747893513537758459e+00
-4.747932021318448825e+00
-4.747970515096787913e+00
-4.748007930440221180e+00
-4.748045335762607344e+00
-4.748081574327970955e+00
-4.748117803986705354e+00
-4.748153097830427605e+00
-4.748188386881400547e+00
-4.748222705183220427e+00
-4.748257020227425684e+00
-4.748290474589920152e+00
-4.748323927980453441e+00
-4.748356566068816953e+00
-4.748389204894134963e+00
-4.748421126231574085e+00
-4.748453048660631559e+00
-4.748484351717307206e+00
-4.748515654735498082e+00
-4.748546374786966062e+00
-4.748577094360554085e+00
-4.748607369884762619e+00
-4.748637644289591009e+00
-4.748667515464423339e+00
-4.748697215144125572e+00
-4.748709570575336159e+00
-4.748721575097316183e+00
-4.748704429508216585e+00
-4.748687293332578108e+00
-4.748670777315988190e+00
-4.748654273612510579e+00
-4.748638493437558949e+00
-4.748622728683803196e+00
-4.748607778818324299e+00
-4.748592848313891501e+00
-4.748578846199050574e+00
-4.748564867574637915e+00
-4.748551918031936658e+00
-4.748538996848508553e+00
-4.748527218156662677e+00
-4.748515473086858840e+00
-4.748504980497834538e+00
-4.748494527620729322e+00
-4.748485449462947372e+00
-4.748476417408091343e+00
-4.748468874829302244e+00
-4.748461385504309185e+00
-4.748455508119479695e+00
-4.748449692042753689e+00
-4.748445620608013229e+00
-4.748441618626771721e+00
-4.748439480485010300e+00
-4.748437421052144281e+00
-4.748437359050505790e+00
-4.748437385790611032e+00
-4.748439547542505856e+00
-4.748441808339461723e+00
-4.748446333358981697e+00
-4.748450968928704441e+00
-4.748458010865500789e+00
-4.748465175572565755e+00
-4.748474889666018051e+00
-4.748484739204033467e+00
-4.748497276548235391e+00
-4.748509963508160681e+00
-4.748525492352988486e+00
-4.748541185016364352e+00
-4.748559860443097413e+00
-4.748578715661278871e+00
-4.748600713213410707e+00
-4.748622907117888481e+00
-4.748648399332806136e+00
-4.748674105095441078e+00
-4.748703262514647250e+00
-4.748732651877502597e+00
-4.748765652593093911e+00
-4.748798905194136388e+00
-4.748835939573250897e+00
-4.748873246144729166e+00
-4.748914497059065987e+00
-4.748956041794778038e+00
-4.749001699722721348e+00
-4.749047674623340320e+00
-4.749097939790797085e+00
-4.749148544854507215e+00
-4.749203601212859560e+00
-4.749259023019917869e+00
-4.749319079256610898e+00
-4.749379526748366942e+00
-4.749444781944853311e+00
-4.749510454941633597e+00
-4.749581105620194421e+00
-4.749652201976111598e+00
-4.749728449791255969e+00
-4.749805172017248722e+00
-4.749887217276053342e+00
-4.749969766365983226e+00
-4.750057805931906074e+00
-4.750146379149425613e+00
-4.750240603158927044e+00
-4.750335391715436728e+00
-4.750435991808358516e+00
-4.750537187183065946e+00
-4.750644342216552296e+00
-4.750752123618407374e+00
-4.750866006160109123e+00
-4.750980545700456581e+00
-4.751101313565416540e+00
-4.751222770131018791e+00
-4.751350583570022934e+00
-4.751479115945550724e+00
-4.751614110921358325e+00
-4.751749853633025822e+00
-4.751892143644080413e+00
-4.752035246935470525e+00
-4.752185306731003145e+00
-4.752336170223319556e+00
-4.752493714317684415e+00
-4.752652088069377001e+00
-4.752817184041083998e+00
-4.752983134612265737e+00
-4.753155835972523668e+00
-4.753329413642835455e+00
-4.753509740161810271e+00
-4.753690963937086345e+00
-4.753878926135179483e+00
-4.754067804866219049e+00
-4.754263396487153237e+00
-4.754459934825793432e+00
-4.754663244322323123e+00
-4.754867525842352727e+00
-4.755078594645138601e+00
-4.755290619040535738e+00
-4.755509131441058024e+00
-4.755728600910733128e+00
-4.755954401903051298e+00
-4.756181171420306164e+00
-4.756414192889285353e+00
-4.756648215218866937e+00
-4.756888559305696873e+00
-4.757129861787491087e+00
-4.757377031298085868e+00
-4.757625153263081330e+00
-4.757878954639862101e+00
-4.758133735858998570e+00
-4.758394238768733686e+00
-4.758655655678143859e+00
-4.758922219261182640e+00
-4.759189736477260624e+00
-4.759462530890215426e+00
-4.759736197658351209e+00
-4.760014496125295480e+00
-4.760293692073251037e+00
-4.760577565421327151e+00
-4.760862277936249498e+00
-4.761151197324319462e+00
-4.761440931893180739e+00
