1.000000000000000021e-03 4.361314459288237799e+00 3.801772720425163898e-01 5.534299999999999775e-01 6.662900000000000489e-01
1.122018454301963036e-03 4.362704035653917956e+00 3.799287061339886029e-01 5.534434220299732088e-01 6.662851192618279850e-01
1.258925411794167490e-03 4.364263165979872738e+00 3.796498105975101289e-01 5.534584817952973301e-01 6.662796429835282641e-01
1.412537544622753964e-03 4.366012538978256252e+00 3.793368846587588106e-01 5.534753791299085179e-01 6.662734984982151554e-01
1.584893192461114082e-03 4.367975367765899897e+00 3.789857759806500859e-01 5.534705681572815728e-01 6.662598128169047174e-01
1.778279410038922752e-03 4.370177697888271595e+00 3.785918255643465069e-01 5.534376925002933989e-01 6.662366064707953006e-01
1.995262314968878920e-03 4.372648752928038007e+00 3.781498059271739542e-01 5.534008054064553095e-01 6.662105685222037277e-01
2.238721138568339902e-03 4.375421322284251069e+00 3.776538517371024750e-01 5.533212220242724744e-01 6.661646429836719507e-01
2.511886431509579437e-03 4.378532196267753918e+00 3.770973819833539631e-01 5.532310774776018070e-01 6.661127415780131455e-01
2.818382931264454792e-03 4.382022654286252816e+00 3.764730126503871843e-01 5.531299336326827021e-01 6.660545072430597013e-01
3.162277660168379394e-03 4.385939012596974607e+00 3.757724587364982827e-01 5.530221280902503089e-01 6.659956583509747396e-01
3.548133892335753221e-03 4.390333238895262724e+00 3.749864243168814504e-01 5.529083005017608743e-01 6.659377799161495526e-01
3.981071705534973415e-03 4.395263641894321616e+00 3.741044791923548440e-01 5.527805838468671240e-01 6.658728392441697341e-01
4.466835921509630485e-03 4.400795645046411408e+00 3.731149204869543823e-01 5.526372834031546555e-01 6.657999746117735373e-01
5.011872336272724625e-03 4.406929392368750698e+00 3.720212413476138291e-01 5.524770912776131304e-01 6.657187534046913324e-01
5.623413251903490971e-03 4.410120049747223270e+00 3.716317580813163213e-01 5.523272637532836704e-01 6.656545416085500877e-01
6.309573444801930275e-03 4.413700026207225235e+00 3.711947506688887399e-01 5.521591545060234862e-01 6.655824947882957865e-01
7.079457843841380389e-03 4.417716825861313978e+00 3.707044202874782424e-01 5.519738435717522762e-01 6.655044379509311714e-01
7.943282347242813790e-03 4.422223749200434817e+00 3.701542605508307826e-01 5.517981992560606619e-01 6.654439702356930164e-01
8.912509381337458889e-03 4.427280600359052798e+00 3.695369711734983742e-01 5.516011230924613429e-01 6.653761243433063965e-01
1.000000000000000021e-02 4.432954480679680564e+00 3.688443611004868505e-01 5.513799999999999812e-01 6.653000000000000025e-01
1.122018454301963557e-02 4.437897241697273287e+00 3.684976879592085086e-01 5.511628071513424709e-01 6.651999448674723592e-01
1.258925411794167490e-02 4.443443110774216720e+00 3.681087142970833614e-01 5.509191127670063359e-01 6.650876811623287477e-01
1.412537544622754701e-02 4.449665678223690080e+00 3.676722786699415657e-01 5.506456831705714983e-01 6.649617192134092969e-01
1.584893192461114125e-02 4.456647513735137345e+00 3.671825898421736123e-01 5.503728473944037303e-01 6.648407619483724940e-01
1.778279410038922925e-02 4.464481262023881847e+00 3.666331499405524608e-01 5.501059744141463259e-01 6.647285979421774238e-01
1.995262314968879874e-02 4.473270872170210133e+00 3.660166682314036635e-01 5.498065380053428486e-01 6.646027478573179881e-01
2.238721138568339902e-02 4.501319434881083659e+00 3.663119032921158258e-01 5.495588916500458998e-01 6.645080923616512036e-01
2.511886431509580825e-02 4.533195410397955705e+00 3.666651393355362387e-01 5.492829947041752980e-01 6.644029237238687768e-01
2.818382931264454966e-02 4.568960843176764541e+00 3.670614766949786278e-01 5.489734332394229366e-01 6.642849225714632100e-01
3.162277660168379134e-02 4.609090318780683759e+00 3.675061745264022184e-01 5.486699145314754000e-01 6.641687508668520090e-01
3.548133892335755130e-02 4.654116330969741533e+00 3.680051336998476086e-01 5.483843809196715657e-01 6.640587818406843423e-01
3.981071705534973415e-02 4.704636347569489452e+00 3.685649751003965413e-01 5.480640069379041357e-01 6.639353945639225874e-01
4.466835921509632740e-02 4.761320738506048755e+00 3.691931274832947474e-01 5.477558933694489651e-01 6.637969517623697469e-01
5.011872336272724798e-02 4.824193829195553285e+00 3.698819954502345353e-01 5.474144200019518403e-01 6.636427561284444776e-01
5.623413251903491145e-02 4.858064298978197471e+00 3.698522114983365250e-01 5.471269957716053955e-01 6.635271748953902593e-01
6.309573444801933051e-02 4.896067591130200292e+00 3.698187933546649431e-01 5.468184312859591945e-01 6.633978001923772627e-01
7.079457843841380216e-02 4.938707986248977555e+00 3.697812975807568403e-01 5.464912304163674905e-01 6.632530619253578230e-01
7.943282347242817953e-02 4.986551296470972616e+00 3.697392266304737052e-01 5.461241050024218113e-01 6.630906629187183210e-01
8.912509381337459236e-02 5.040232373454944792e+00 3.696920222478659590e-01 5.458171220917853450e-01 6.629476861397061160e-01
1.000000000000000056e-01 5.100463532477765405e+00 3.696390580594561270e-01 5.454799999999999649e-01 6.627899999999999903e-01
1.122018454301964147e-01 5.124994186767455773e+00 3.683892844060626115e-01 5.451725134951590501e-01 6.626435778548376287e-01
1.258925411794167559e-01 5.152518033576589218e+00 3.669870153032546711e-01 5.448275079622787453e-01 6.624792895058470021e-01
1.412537544622753938e-01 5.183400297629817466e+00 3.654136434920067233e-01 5.444404053875506744e-01 6.622949549464526298e-01
1.584893192461114264e-01 5.218050767808166235e+00 3.636482912843080340e-01 5.440629475939469106e-01 6.621186897183326536e-01
1.778279410038922925e-01 5.256929234798512596e+00 3.616675335289273874e-01 5.437051830914280126e-01 6.619562452955672915e-01
1.995262314968880846e-01 5.300551592236652176e+00 3.594450867738885336e-01 5.433037647173075690e-01 6.617739796554260590e-01
2.238721138568340041e-01 5.279182243071441683e+00 3.544914258455535983e-01 5.429011101213622181e-01 6.615837975119166492e-01
2.511886431509582351e-01 5.253639698308094630e+00 3.488785475607283915e-01 5.424503873880092142e-01 6.613707285834224958e-01
2.818382931264454827e-01 5.224980491713785646e+00 3.425807945434038437e-01 5.419446681634136898e-01 6.611316613136136722e-01
3.162277660168379412e-01 5.090269946394362144e+00 3.320269891461312683e-01 5.413926582384381847e-01 6.608747828612804298e-01
3.548133892335756934e-01 4.810341117882491524e+00 3.158059111673311437e-01 5.407926517974178671e-01 6.606008249364415663e-01
3.981071705534973137e-01 4.496255806401046051e+00 2.976055623264464156e-01 5.401194334978930423e-01 6.602934390890701222e-01
4.466835921509634821e-01 4.064415676618324369e+00 2.733582271231776994e-01 5.393197207295090667e-01 6.599905617286639936e-01
5.011872336272724660e-01 3.587121304334068839e+00 2.458932955261722841e-01 5.384182736246209133e-01 6.596539451085009498e-01
5.623413251903490728e-01 3.239895310001192019e+00 2.241628955160945569e-01 5.372991537490166003e-01 6.593420592415292214e-01
6.309573444801935826e-01 2.990280650551819353e+00 2.089283865624640135e-01 5.359103640147476755e-01 6.589487772608787486e-01
7.079457843841380216e-01 2.917673052539412115e+00 2.056189244018588880e-01 5.341640686454111053e-01 6.584682168624633736e-01
7.943282347242821562e-01 2.996162223513563649e+00 2.145666528585906951e-01 5.321427193074518280e-01 6.581226870611028845e-01
8.912509381337458958e-01 3.095296700543341384e+00 2.275417021450729105e-01 5.296831010775895354e-01 6.576163700278910840e-01
1.000000000000000000e+00 3.152408396340029118e+00 2.406775414723685558e-01 5.267899999999999805e-01 6.570300000000000029e-01
1.122018454301964230e+00 3.166344557983251207e+00 2.535224742761775230e-01 5.236917404878811411e-01 6.565419261827921682e-01
1.258925411794167504e+00 3.113106924375606432e+00 2.647290752038745087e-01 5.203181124934017632e-01 6.559884058116438599e-01
1.412537544622755492e+00 3.012008095712173095e+00 2.738919173752623060e-01 5.167673234223041367e-01 6.553698498215090318e-01
1.584893192461114042e+00 2.867818165817592302e+00 2.810843043860978829e-01 5.132063808104008196e-01 6.546889165494017560e-01
1.778279410038922759e+00 2.695065663836772263e+00 2.869097235358447628e-01 5.098299485544356413e-01 6.540251617698832343e-01
1.995262314968880846e+00 2.533997209503367820e+00 2.915515561147687951e-01 5.066836964329513027e-01 6.533742130550933558e-01
2.238721138568339875e+00 2.402870862661991680e+00 2.952932452933271779e-01 5.040033907440623073e-01 6.526820319664659031e-01
2.511886431509582351e+00 2.260402538936803651e+00 2.994501319098607506e-01 5.020291260731389871e-01 6.521105062523242513e-01
2.818382931264455049e+00 2.188191346388017600e+00 3.038996296905280836e-01 5.008869107237239326e-01 6.516242638962297384e-01
3.162277660168379523e+00 2.156949748379903387e+00 3.095960321534309001e-01 5.006054377448471149e-01 6.512239501058484370e-01
3.548133892335756823e+00 2.184407446251762863e+00 3.168715178368363694e-01 5.012936552339415375e-01 6.509784478658393603e-01
3.981071705534973137e+00 2.215215489976636309e+00 3.250347470376269143e-01 5.029782297679110670e-01 6.509531071705534355e-01
4.466835921509634488e+00 2.388369109437347149e+00 3.370482406103830764e-01 5.055435671024312017e-01 6.511697445238944226e-01
5.011872336272724660e+00 2.591513768903627390e+00 3.506843760091552520e-01 5.087204029540972616e-01 6.516028221231745521e-01
5.623413251903491172e+00 2.948355365628851477e+00 3.673411621784913872e-01 5.123221579334070741e-01 6.522904372274744844e-01
6.309573444801936049e+00 3.364427871600730757e+00 3.844380739375018452e-01 5.160619203029379598e-01 6.531205307892821166e-01
7.079457843841380438e+00 3.848228785398855045e+00 4.009286446264908044e-01 5.197737614928436001e-01 6.541486632654029965e-01
7.943282347242821118e+00 4.347629034981355112e+00 4.143700934126155477e-01 5.230217416256329743e-01 6.550038495237703318e-01
8.912509381337459402e+00 4.730515535774903135e+00 4.219294360523054843e-01 5.258675895651585552e-01 6.558995086308304634e-01
1.000000000000000000e+01 4.979047906143429181e+00 4.073283104465768023e-01 5.282599999999999518e-01 6.567399999999999904e-01
1.122018454301962898e+01 4.935229922401601854e+00 4.049204878308427791e-01 5.300445198941662328e-01 6.574416061122362320e-01
1.258925411794168703e+01 4.886065336012967109e+00 4.022188664213036113e-01 5.316888122708401943e-01 6.581060598432452169e-01
1.412537544622755448e+01 4.830901762786796283e+00 3.991875973432633673e-01 5.330021960065245423e-01 6.586693043302833672e-01
1.584893192461114175e+01 4.769007215621795304e+00 3.957864574977473238e-01 5.341252279106780687e-01 6.591529949295252822e-01
1.778279410038922848e+01 4.699560391482001442e+00 3.919703158254165820e-01 5.349799949923720321e-01 6.595242964672747288e-01
1.995262314968878670e+01 4.621639773204488932e+00 3.876885344448307569e-01 5.359390594321624679e-01 6.599409036447402288e-01
2.238721138568342184e+01 4.512401599476981495e+00 3.825103017233249525e-01 5.364780248706932930e-01 6.601743978702542259e-01
2.511886431509581996e+01 4.389348698571832408e+00 3.766919010418072200e-01 5.370598580393869392e-01 6.604273695875358952e-01
2.818382931264455138e+01 4.251281072900864544e+00 3.701635481026211982e-01 5.374429786640805284e-01 6.606173974173840113e-01
3.162277660168379256e+01 4.142838687995642033e+00 3.654100898002004549e-01 5.377641210428976137e-01 6.607819288512538636e-01
3.548133892335753359e+01 4.079520886865156903e+00 3.633057114296295298e-01 5.379879176575547151e-01 6.609054028455474405e-01
3.981071705534977667e+01 4.008477145510928707e+00 3.609445600630150630e-01 5.382390215892103313e-01 6.610439429457711791e-01
4.466835921509634488e+01 3.928764756648831291e+00 3.582953046562733501e-01 5.383573722619472424e-01 6.611200253882264510e-01
5.011872336272725192e+01 3.840952430901897863e+00 3.554006963027592780e-01 5.384817808504408498e-01 6.612014246803527007e-01
5.623413251903490817e+01 3.824378263200978623e+00 3.560783526938485766e-01 5.385735119877855803e-01 6.612748095902284406e-01
6.309573444801942799e+01 3.805781741175850552e+00 3.568386956703265001e-01 5.386686966806002452e-01 6.613509573444802392e-01
7.079457843841387898e+01 3.784916100277824658e+00 3.576918145215335909e-01 5.387657268089185436e-01 6.614263566275072614e-01
7.943282347242821118e+01 3.761504466129402147e+00 3.586490296163008518e-01 5.388823431168777711e-01 6.614954625877793593e-01
8.912509381337459047e+01 3.735236180569505571e+00 3.597230426173660955e-01 5.390268764072005947e-01 6.615365003752534667e-01
1.000000000000000000e+02 3.705762679408428184e+00 3.609281050247215572e-01 5.392400000000000526e-01 6.616499999999999604e-01
1.122018454301965278e+02 3.712561126637357933e+00 3.611565663826232231e-01 5.394901378313190499e-01 6.617293119952962765e-01
1.258925411794168809e+02 3.720189109888814905e+00 3.614129042422837834e-01 5.398051702510580085e-01 6.618428537725804528e-01
1.412537544622755377e+02 3.728747847866055842e+00 3.617005200513591645e-01 5.402096822008399801e-01 6.620067067142643147e-01
1.584893192461114211e+02 3.738350909822055534e+00 3.620232302968907634e-01 5.406607223003989660e-01 6.621662166901196578e-01
1.778279410038922776e+02 3.749125722554492501e+00 3.623853171477695034e-01 5.411635264661012190e-01 6.623170579398304225e-01
1.995262314968883004e+02 3.761215261281934286e+00 3.627915852765155602e-01 5.417276820189190767e-01 6.624863046056757021e-01
2.238721138568342326e+02 3.774779946838122235e+00 3.632474256143633506e-01 5.423654493830490919e-01 6.627000746019401367e-01
2.511886431509582280e+02 3.789999774358968399e+00 3.637588868856438395e-01 5.430773387924721085e-01 6.629378450447963589e-01
2.818382931264454783e+02 3.807076701708650202e+00 3.643327558706812574e-01 5.437822807419082638e-01 6.631401327346345687e-01
3.162277660168379612e+02 3.826237329337767612e+00 3.649766474622447854e-01 5.445083275543199930e-01 6.633500641013934107e-01
3.548133892335760606e+02 3.847735907133645661e+00 3.656991057105489218e-01 5.452414543954379189e-01 6.635642143102463697e-01
3.981071705534977241e+02 3.871857708161867251e+00 3.665097171976088308e-01 5.460640362405164705e-01 6.638044947965719977e-01
4.466835921509634773e+02 3.898922814066531295e+00 3.674192382453592143e-01 5.468072564210870734e-01 6.640600888587926409e-01
5.011872336272724624e+02 3.929290362359201705e+00 3.684397376455111894e-01 5.476282970166254094e-01 6.643446302111464252e-01
5.623413251903490391e+02 3.963363311955483859e+00 3.695847568050857901e-01 5.483132228421319088e-01 6.645831311682424136e-01
6.309573444801942514e+02 4.001593790195014044e+00 3.708694894326578506e-01 5.489842066230655737e-01 6.648135848300965600e-01
7.079457843841387330e+02 4.044489092296555732e+00 3.723109831496375643e-01 5.495852909709896261e-01 6.650135078334530325e-01
7.943282347242821970e+02 4.092618412857342847e+00 3.739283657018490636e-01 5.500776709379283647e-01 6.651603579990312820e-01
8.912509381337458763e+02 4.146620398719561784e+00 3.757430987730964178e-01 5.506210052535489563e-01 6.653890022515209779e-01
1.000000000000000000e+03 4.207211623425924252e+00 3.777792627686680227e-01 5.510500000000000398e-01 6.655499999999999750e-01
1.122018454301965221e+03 4.207211623425924252e+00 3.777792627686680227e-01 5.513886012106880008e-01 6.656720184543019059e-01
1.258925411794168667e+03 4.207211623425924252e+00 3.777792627686680227e-01 5.517199045529986856e-01 6.657951761490421561e-01
1.412537544622755377e+03 4.207211623425924252e+00 3.777792627686680227e-01 5.520194482120143187e-01 6.659129454508774248e-01
1.584893192461114040e+03 4.207211623425924252e+00 3.777792627686680227e-01 5.522935696948024775e-01 6.660207487323813735e-01
1.778279410038922833e+03 4.207211623425924252e+00 3.777792627686680227e-01 5.525295008802474372e-01 6.661135741168187074e-01
1.995262314968882947e+03 4.207211623425924252e+00 3.777792627686680227e-01 5.527942200242620396e-01 6.662177259111851102e-01
2.238721138568342212e+03 4.207211623425924252e+00 3.777792627686680227e-01 5.529575559514551264e-01 6.662772930732564491e-01
2.511886431509582053e+03 4.207211623425924252e+00 3.777792627686680227e-01 5.531355866228094831e-01 6.663416641004114016e-01
2.818382931264454783e+03 4.207211623425924252e+00 3.777792627686680227e-01 5.532796399776942486e-01 6.663845736103769513e-01
3.162277660168379498e+03 4.207211623425924252e+00 3.777792627686680227e-01 5.534080035799445740e-01 6.664229822128133751e-01
3.548133892335760265e+03 4.207211623425924252e+00 3.777792627686680227e-01 5.535102554814689269e-01 6.664538507113868526e-01
3.981071705534977355e+03 4.207211623425924252e+00 3.777792627686680227e-01 5.536249840019666912e-01 6.664884857364428150e-01
4.466835921509635227e+03 4.207211623425924252e+00 3.777792627686680227e-01 5.537070279270490669e-01 6.665226785145057509e-01
5.011872336272725079e+03 4.207211623425924252e+00 3.777792627686680227e-01 5.537960981911053127e-01 6.665602374467255453e-01
5.623413251903491073e+03 4.207211623425924252e+00 3.777792627686680227e-01 5.538526657258010522e-01 6.665724682650381316e-01
6.309573444801942969e+03 4.207211623425924252e+00 3.777792627686680227e-01 5.539161355436441614e-01 6.665861914688960832e-01
7.079457843841388240e+03 4.207211623425924252e+00 3.777792627686680227e-01 5.539823837353152758e-01 6.666006621486986194e-01
7.943282347242821743e+03 4.207211623425924252e+00 3.777792627686680227e-01 5.540082984704173263e-01 6.666078606862270162e-01
8.912509381337458763e+03 4.207211623425924252e+00 3.777792627686680227e-01 5.540373752814401476e-01 6.666159375781778307e-01
1.000000000000000000e+04 4.207211623425924252e+00 3.777792627686680227e-01 5.540699999999999514e-01 6.666250000000000231e-01
