-1.100000000000000000e+01
-1.099499499499499500e+01
-1.098998998998998999e+01
-1.098498498498498499e+01
-1.097997997997997999e+01
-1.097497497497497498e+01
-1.096996996996996998e+01
-1.096496496496496498e+01
-1.095995995995995997e+01
-1.095495495495495497e+01
-1.094994994994994997e+01
-1.094494494494494496e+01
-1.093993993993993996e+01
-1.093493493493493496e+01
-1.092992992992992995e+01
-1.092492492492492495e+01
-1.091991991991991995e+01
-1.091491491491491495e+01
-1.090990990990990994e+01
-1.090490490490490494e+01
-1.089989989989989994e+01
-1.089489489489489493e+01
-1.088988988988988993e+01
-1.088488488488488493e+01
-1.087987987987987992e+01
-1.087487487487487492e+01
-1.086986986986986992e+01
-1.086486486486486491e+01
-1.085985985985985991e+01
-1.085485485485485491e+01
-1.084984984984984990e+01
-1.084484484484484490e+01
-1.083983983983983990e+01
-1.083483483483483489e+01
-1.082982982982982989e+01
-1.082482482482482489e+01
-1.081981981981981988e+01
-1.081481481481481488e+01
-1.080980980980980988e+01
-1.080480480480480487e+01
-1.079979979979979987e+01
-1.079479479479479487e+01
-1.078978978978978986e+01
-1.078478478478478486e+01
-1.077977977977977986e+01
-1.077477477477477485e+01
-1.076976976976976985e+01
-1.076476476476476485e+01
-1.075975975975975985e+01
-1.075475475475475484e+01
-1.074974974974974984e+01
-1.074474474474474484e+01
-1.073973973973973983e+01
-1.073473473473473483e+01
-1.072972972972972983e+01
-1.072472472472472482e+01
-1.071971971971971982e+01
-1.071471471471471482e+01
-1.070970970970970981e+01
-1.070470470470470481e+01
-1.069969969969969981e+01
-1.069469469469469480e+01
-1.068968968968968980e+01
-1.068468468468468480e+01
-1.067967967967967979e+01
-1.067467467467467479e+01
-1.066966966966966979e+01
-1.066466466466466478e+01
-1.065965965965965978e+01
-1.065465465465465478e+01
-1.064964964964964977e+01
-1.064464464464464477e+01
-1.063963963963963977e+01
-1.063463463463463476e+01
-1.062962962962962976e+01
-1.062462462462462476e+01
-1.061961961961961975e+01
-1.061461461461461475e+01
-1.060960960960960975e+01
-1.060460460460460475e+01
-1.059959959959959974e+01
-1.059459459459459474e+01
-1.058958958958958974e+01
-1.058458458458458473e+01
-1.057957957957957973e+01
-1.057457457457457473e+01
-1.056956956956956972e+01
-1.056456456456456472e+01
-1.055955955955955972e+01
-1.055455455455455471e+01
-1.054954954954954971e+01
-1.054454454454454471e+01
-1.053953953953953970e+01
-1.053453453453453470e+01
-1.052952952952952970e+01
-1.052452452452452469e+01
-1.051951951951951969e+01
-1.051451451451451469e+01
-1.050950950950950968e+01
-1.050450450450450468e+01
-1.049949949949949968e+01
-1.049449449449449467e+01
-1.048948948948948967e+01
-1.048448448448448467e+01
-1.047947947947947966e+01
-1.047447447447447466e+01
-1.046946946946946966e+01
-1.046446446446446465e+01
-1.045945945945945965e+01
-1.045445445445445465e+01
-1.044944944944944965e+01
-1.044444444444444464e+01
-1.043943943943943964e+01
-1.043443443443443464e+01
-1.042942942942942963e+01
-1.042442442442442463e+01
-1.041941941941941963e+01
-1.041441441441441462e+01
-1.040940940940940962e+01
-1.040440440440440462e+01
-1.039939939939939961e+01
-1.039439439439439461e+01
-1.038938938938938961e+01
-1.038438438438438460e+01
-1.037937937937937960e+01
-1.037437437437437460e+01
-1.036936936936936959e+01
-1.036436436436436459e+01
-1.035935935935935959e+01
-1.035435435435435458e+01
-1.034934934934934958e+01
-1.034434434434434458e+01
-1.033933933933933957e+01
-1.033433433433433457e+01
-1.032932932932932957e+01
-1.032432432432432456e+01
-1.031931931931931956e+01
-1.031431431431431456e+01
-1.030930930930930955e+01
-1.030430430430430455e+01
-1.029929929929929955e+01
-1.029429429429429455e+01
-1.028928928928928954e+01
-1.028428428428428454e+01
-1.027927927927927954e+01
-1.027427427427427453e+01
-1.026926926926926953e+01
-1.026426426426426453e+01
-1.025925925925925952e+01
-1.025425425425425452e+01
-1.024924924924924952e+01
-1.024424424424424451e+01
-1.023923923923923951e+01
-1.023423423423423451e+01
-1.022922922922922950e+01
-1.022422422422422450e+01
-1.021921921921921950e+01
-1.021421421421421449e+01
-1.020920920920920949e+01
-1.020420420420420449e+01
-1.019919919919919948e+01
-1.019419419419419448e+01
-1.018918918918918948e+01
-1.018418418418418447e+01
-1.017917917917917947e+01
-1.017417417417417447e+01
-1.016916916916916946e+01
-1.016416416416416446e+01
-1.015915915915915946e+01
-1.015415415415415445e+01
-1.014914914914914945e+01
-1.014414414414414445e+01
-1.013913913913913944e+01
-1.013413413413413444e+01
-1.012912912912912944e+01
-1.012412412412412444e+01
-1.011911911911911943e+01
-1.011411411411411443e+01
-1.010910910910910943e+01
-1.010410410410410442e+01
-1.009909909909909942e+01
-1.009409409409409442e+01
-1.008908908908908941e+01
-1.008408408408408441e+01
-1.007907907907907941e+01
-1.007407407407407440e+01
-1.006906906906906940e+01
-1.006406406406406440e+01
-1.005905905905905939e+01
-1.005405405405405439e+01
-1.004904904904904939e+01
-1.004404404404404438e+01
-1.003903903903903938e+01
-1.003403403403403438e+01
-1.002902902902902937e+01
-1.002402402402402437e+01
-1.001901901901901937e+01
-1.001401401401401436e+01
-1.000900900900900936e+01
-1.000400400400400436e+01
-9.998998998998999355e+00
-9.993993993993994351e+00
-9.988988988988989348e+00
-9.983983983983984345e+00
-9.978978978978979342e+00
-9.973973973973974338e+00
-9.968968968968969335e+00
-9.963963963963964332e+00
-9.958958958958959329e+00
-9.953953953953954326e+00
-9.948948948948949322e+00
-9.943943943943944319e+00
-9.938938938938939316e+00
-9.933933933933934313e+00
-9.928928928928929309e+00
-9.923923923923924306e+00
-9.918918918918919303e+00
-9.913913913913914300e+00
-9.908908908908909297e+00
-9.903903903903904293e+00
-9.898898898898899290e+00
-9.893893893893894287e+00
-9.888888888888889284e+00
-9.883883883883884280e+00
-9.878878878878879277e+00
-9.873873873873874274e+00
-9.868868868868869271e+00
-9.863863863863864268e+00
-9.858858858858859264e+00
-9.853853853853854261e+00
-9.848848848848849258e+00
-9.843843843843844255e+00
-9.838838838838839251e+00
-9.833833833833834248e+00
-9.828828828828829245e+00
-9.823823823823824242e+00
-9.818818818818819238e+00
-9.813813813813814235e+00
-9.808808808808809232e+00
-9.803803803803804229e+00
-9.798798798798799226e+00
-9.793793793793794222e+00
-9.788788788788789219e+00
-9.783783783783784216e+00
-9.778778778778779213e+00
-9.773773773773774209e+00
-9.768768768768769206e+00
-9.763763763763764203e+00
-9.758758758758759200e+00
-9.753753753753754197e+00
-9.748748748748749193e+00
-9.743743743743744190e+00
-9.738738738738739187e+00
-9.733733733733734184e+00
-9.728728728728729180e+00
-9.723723723723724177e+00
-9.718718718718719174e+00
-9.713713713713714171e+00
-9.708708708708709167e+00
-9.703703703703704164e+00
-9.698698698698699161e+00
-9.693693693693694158e+00
-9.688688688688689155e+00
-9.683683683683684151e+00
-9.678678678678679148e+00
-9.673673673673674145e+00
-9.668668668668669142e+00
-9.663663663663664138e+00
-9.658658658658659135e+00
-9.653653653653654132e+00
-9.648648648648649129e+00
-9.643643643643644126e+00
-9.638638638638639122e+00
-9.633633633633634119e+00
-9.628628628628629116e+00
-9.623623623623624113e+00
-9.618618618618619109e+00
-9.613613613613614106e+00
-9.608608608608609103e+00
-9.603603603603604100e+00
-9.598598598598599096e+00
-9.593593593593594093e+00
-9.588588588588589090e+00
-9.583583583583584087e+00
-9.578578578578579084e+00
-9.573573573573574080e+00
-9.568568568568569077e+00
-9.563563563563564074e+00
-9.558558558558559071e+00
-9.553553553553554067e+00
-9.548548548548549064e+00
-9.543543543543544061e+00
-9.538538538538539058e+00
-9.533533533533534055e+00
-9.528528528528529051e+00
-9.523523523523524048e+00
-9.518518518518519045e+00
-9.513513513513514042e+00
-9.508508508508509038e+00
-9.503503503503504035e+00
-9.498498498498499032e+00
-9.493493493493494029e+00
-9.488488488488489025e+00
-9.483483483483484022e+00
-9.478478478478479019e+00
-9.473473473473474016e+00
-9.468468468468469013e+00
-9.463463463463464009e+00
-9.458458458458459006e+00
-9.453453453453454003e+00
-9.448448448448449000e+00
-9.443443443443443996e+00
-9.438438438438438993e+00
-9.433433433433433990e+00
-9.428428428428428987e+00
-9.423423423423423984e+00
-9.418418418418418980e+00
-9.413413413413413977e+00
-9.408408408408408974e+00
-9.403403403403403971e+00
-9.398398398398398967e+00
-9.393393393393393964e+00
-9.388388388388388961e+00
-9.383383383383383958e+00
-9.378378378378378954e+00
-9.373373373373373951e+00
-9.368368368368368948e+00
-9.363363363363363945e+00
-9.358358358358358942e+00
-9.353353353353353938e+00
-9.348348348348348935e+00
-9.343343343343343932e+00
-9.338338338338338929e+00
-9.333333333333333925e+00
-9.328328328328328922e+00
-9.323323323323323919e+00
-9.318318318318318916e+00
-9.313313313313313913e+00
-9.308308308308308909e+00
-9.303303303303303906e+00
-9.298298298298298903e+00
-9.293293293293293900e+00
-9.288288288288288896e+00
-9.283283283283283893e+00
-9.278278278278278890e+00
-9.273273273273273887e+00
-9.268268268268268884e+00
-9.263263263263263880e+00
-9.258258258258258877e+00
-9.253253253253253874e+00
-9.248248248248248871e+00
-9.243243243243243867e+00
-9.238238238238238864e+00
-9.233233233233233861e+00
-9.228228228228228858e+00
-9.223223223223223854e+00
-9.218218218218218851e+00
-9.213213213213213848e+00
-9.208208208208208845e+00
-9.203203203203203842e+00
-9.198198198198198838e+00
-9.193193193193193835e+00
-9.188188188188188832e+00
-9.183183183183183829e+00
-9.178178178178178825e+00
-9.173173173173173822e+00
-9.168168168168168819e+00
-9.163163163163163816e+00
-9.158158158158158813e+00
-9.153153153153153809e+00
-9.148148148148148806e+00
-9.143143143143143803e+00
-9.138138138138138800e+00
-9.133133133133133796e+00
-9.128128128128128793e+00
-9.123123123123123790e+00
-9.118118118118118787e+00
-9.113113113113113783e+00
-9.108108108108108780e+00
-9.103103103103103777e+00
-9.098098098098098774e+00
-9.093093093093093771e+00
-9.088088088088088767e+00
-9.083083083083083764e+00
-9.078078078078078761e+00
-9.073073073073073758e+00
-9.068068068068068754e+00
-9.063063063063063751e+00
-9.058058058058058748e+00
-9.053053053053053745e+00
-9.048048048048048742e+00
-9.043043043043043738e+00
-9.038038038038038735e+00
-9.033033033033033732e+00
-9.028028028028028729e+00
-9.023023023023023725e+00
-9.018018018018018722e+00
-9.013013013013013719e+00
-9.008008008008008716e+00
-9.003003003003003712e+00
-8.997997997997998709e+00
-8.992992992992991930e+00
-8.987987987987988703e+00
-8.982982982982981923e+00
-8.977977977977978696e+00
-8.972972972972971917e+00
-8.967967967967968690e+00
-8.962962962962961910e+00
-8.957957957957958683e+00
-8.952952952952951904e+00
-8.947947947947948677e+00
-8.942942942942941897e+00
-8.937937937937938671e+00
-8.932932932932931891e+00
-8.927927927927928664e+00
-8.922922922922921884e+00
-8.917917917917918658e+00
-8.912912912912911878e+00
-8.907907907907908651e+00
-8.902902902902901872e+00
-8.897897897897898645e+00
-8.892892892892891865e+00
-8.887887887887888638e+00
-8.882882882882881859e+00
-8.877877877877878632e+00
-8.872872872872871852e+00
-8.867867867867868625e+00
-8.862862862862861846e+00
-8.857857857857858619e+00
-8.852852852852851839e+00
-8.847847847847848612e+00
-8.842842842842841833e+00
-8.837837837837838606e+00
-8.832832832832831826e+00
-8.827827827827828600e+00
-8.822822822822821820e+00
-8.817817817817818593e+00
-8.812812812812811814e+00
-8.807807807807808587e+00
-8.802802802802801807e+00
-8.797797797797798580e+00
-8.792792792792791801e+00
-8.787787787787788574e+00
-8.782782782782781794e+00
-8.777777777777778567e+00
-8.772772772772771788e+00
-8.767767767767768561e+00
-8.762762762762761781e+00
-8.757757757757758554e+00
-8.752752752752751775e+00
-8.747747747747748548e+00
-8.742742742742741768e+00
-8.737737737737738541e+00
-8.732732732732731762e+00
-8.727727727727728535e+00
-8.722722722722721755e+00
-8.717717717717718529e+00
-8.712712712712711749e+00
-8.707707707707708522e+00
-8.702702702702701743e+00
-8.697697697697698516e+00
-8.692692692692691736e+00
-8.687687687687688509e+00
-8.682682682682681730e+00
-8.677677677677678503e+00
-8.672672672672671723e+00
-8.667667667667668496e+00
-8.662662662662661717e+00
-8.657657657657658490e+00
-8.652652652652651710e+00
-8.647647647647648483e+00
-8.642642642642641704e+00
-8.637637637637638477e+00
-8.632632632632631697e+00
-8.627627627627628470e+00
-8.622622622622621691e+00
-8.617617617617618464e+00
-8.612612612612611684e+00
-8.607607607607608458e+00
-8.602602602602601678e+00
-8.597597597597598451e+00
-8.592592592592591672e+00
-8.587587587587588445e+00
-8.582582582582581665e+00
-8.577577577577578438e+00
-8.572572572572571659e+00
-8.567567567567568432e+00
-8.562562562562561652e+00
-8.557557557557558425e+00
-8.552552552552551646e+00
-8.547547547547548419e+00
-8.542542542542541639e+00
-8.537537537537538412e+00
-8.532532532532531633e+00
-8.527527527527528406e+00
-8.522522522522521626e+00
-8.517517517517518399e+00
-8.512512512512511620e+00
-8.507507507507508393e+00
-8.502502502502501613e+00
-8.497497497497498387e+00
-8.492492492492491607e+00
-8.487487487487488380e+00
-8.482482482482481601e+00
-8.477477477477478374e+00
-8.472472472472471594e+00
-8.467467467467468367e+00
-8.462462462462461588e+00
-8.457457457457458361e+00
-8.452452452452451581e+00
-8.447447447447448354e+00
-8.442442442442441575e+00
-8.437437437437438348e+00
-8.432432432432431568e+00
-8.427427427427428341e+00
-8.422422422422421562e+00
-8.417417417417418335e+00
-8.412412412412411555e+00
-8.407407407407408328e+00
-8.402402402402401549e+00
-8.397397397397398322e+00
-8.392392392392391542e+00
-8.387387387387388316e+00
-8.382382382382381536e+00
-8.377377377377378309e+00
-8.372372372372371530e+00
-8.367367367367368303e+00
-8.362362362362361523e+00
-8.357357357357358296e+00
-8.352352352352351517e+00
-8.347347347347348290e+00
-8.342342342342341510e+00
-8.337337337337338283e+00
-8.332332332332331504e+00
-8.327327327327328277e+00
-8.322322322322321497e+00
-8.317317317317318270e+00
-8.312312312312311491e+00
-8.307307307307308264e+00
-8.302302302302301484e+00
-8.297297297297298257e+00
-8.292292292292291478e+00
-8.287287287287288251e+00
-8.282282282282281471e+00
-8.277277277277278245e+00
-8.272272272272271465e+00
-8.267267267267268238e+00
-8.262262262262261459e+00
-8.257257257257258232e+00
-8.252252252252251452e+00
-8.247247247247248225e+00
-8.242242242242241446e+00
-8.237237237237238219e+00
-8.232232232232231439e+00
-8.227227227227228212e+00
-8.222222222222221433e+00
-8.217217217217218206e+00
-8.212212212212211426e+00
-8.207207207207208199e+00
-8.202202202202201420e+00
-8.197197197197198193e+00
-8.192192192192191413e+00
-8.187187187187188186e+00
-8.182182182182181407e+00
-8.177177177177178180e+00
-8.172172172172171400e+00
-8.167167167167168174e+00
-8.162162162162161394e+00
-8.157157157157158167e+00
-8.152152152152151388e+00
-8.147147147147148161e+00
-8.142142142142141381e+00
-8.137137137137138154e+00
-8.132132132132131375e+00
-8.127127127127128148e+00
-8.122122122122121368e+00
-8.117117117117118141e+00
-8.112112112112111362e+00
-8.107107107107108135e+00
-8.102102102102101355e+00
-8.097097097097098128e+00
-8.092092092092091349e+00
-8.087087087087088122e+00
-8.082082082082081342e+00
-8.077077077077078116e+00
-8.072072072072071336e+00
-8.067067067067068109e+00
-8.062062062062061329e+00
-8.057057057057058103e+00
-8.052052052052051323e+00
-8.047047047047048096e+00
-8.042042042042041317e+00
-8.037037037037038090e+00
-8.032032032032031310e+00
-8.027027027027028083e+00
-8.022022022022021304e+00
-8.017017017017018077e+00
-8.012012012012011297e+00
-8.007007007007008070e+00
-8.002002002002001291e+00
-7.996996996996997176e+00
-7.991991991991992172e+00
-7.986986986986987169e+00
-7.981981981981982166e+00
-7.976976976976977163e+00
-7.971971971971972160e+00
-7.966966966966967156e+00
-7.961961961961962153e+00
-7.956956956956957150e+00
-7.951951951951952147e+00
-7.946946946946947143e+00
-7.941941941941942140e+00
-7.936936936936937137e+00
-7.931931931931932134e+00
-7.926926926926927131e+00
-7.921921921921922127e+00
-7.916916916916917124e+00
-7.911911911911912121e+00
-7.906906906906907118e+00
-7.901901901901902114e+00
-7.896896896896897111e+00
-7.891891891891892108e+00
-7.886886886886887105e+00
-7.881881881881882101e+00
-7.876876876876877098e+00
-7.871871871871872095e+00
-7.866866866866867092e+00
-7.861861861861862089e+00
-7.856856856856857085e+00
-7.851851851851852082e+00
-7.846846846846847079e+00
-7.841841841841842076e+00
-7.836836836836837072e+00
-7.831831831831832069e+00
-7.826826826826827066e+00
-7.821821821821822063e+00
-7.816816816816817060e+00
-7.811811811811812056e+00
-7.806806806806807053e+00
-7.801801801801802050e+00
-7.796796796796797047e+00
-7.791791791791791155e+00
-7.786786786786786152e+00
-7.781781781781781149e+00
-7.776776776776776146e+00
-7.771771771771771142e+00
-7.766766766766766139e+00
-7.761761761761761136e+00
-7.756756756756756133e+00
-7.751751751751751129e+00
-7.746746746746746126e+00
-7.741741741741741123e+00
-7.736736736736736120e+00
-7.731731731731731116e+00
-7.726726726726726113e+00
-7.721721721721721110e+00
-7.716716716716716107e+00
-7.711711711711711104e+00
-7.706706706706706100e+00
-7.701701701701701097e+00
-7.696696696696696094e+00
-7.691691691691691091e+00
-7.686686686686686087e+00
-7.681681681681681084e+00
-7.676676676676676081e+00
-7.671671671671671078e+00
-7.666666666666666075e+00
-7.661661661661661071e+00
-7.656656656656656068e+00
-7.651651651651651065e+00
-7.646646646646646062e+00
-7.641641641641641058e+00
-7.636636636636636055e+00
-7.631631631631631052e+00
-7.626626626626626049e+00
-7.621621621621621046e+00
-7.616616616616616042e+00
-7.611611611611611039e+00
-7.606606606606606036e+00
-7.601601601601601033e+00
-7.596596596596596029e+00
-7.591591591591591026e+00
-7.586586586586586023e+00
-7.581581581581581020e+00
-7.576576576576576016e+00
-7.571571571571571013e+00
-7.566566566566566010e+00
-7.561561561561561007e+00
-7.556556556556556004e+00
-7.551551551551551000e+00
-7.546546546546545997e+00
-7.541541541541540994e+00
-7.536536536536535991e+00
-7.531531531531530987e+00
-7.526526526526525984e+00
-7.521521521521520981e+00
-7.516516516516515978e+00
-7.511511511511510975e+00
-7.506506506506505971e+00
-7.501501501501500968e+00
-7.496496496496495965e+00
-7.491491491491490962e+00
-7.486486486486485958e+00
-7.481481481481480955e+00
-7.476476476476475952e+00
-7.471471471471470949e+00
-7.466466466466465945e+00
-7.461461461461460942e+00
-7.456456456456455939e+00
-7.451451451451450936e+00
-7.446446446446445933e+00
-7.441441441441440929e+00
-7.436436436436435926e+00
-7.431431431431430923e+00
-7.426426426426425920e+00
-7.421421421421420916e+00
-7.416416416416415913e+00
-7.411411411411410910e+00
-7.406406406406405907e+00
-7.401401401401400904e+00
-7.396396396396395900e+00
-7.391391391391390897e+00
-7.386386386386385894e+00
-7.381381381381380891e+00
-7.376376376376375887e+00
-7.371371371371370884e+00
-7.366366366366365881e+00
-7.361361361361360878e+00
-7.356356356356355874e+00
-7.351351351351350871e+00
-7.346346346346345868e+00
-7.341341341341340865e+00
-7.336336336336335862e+00
-7.331331331331330858e+00
-7.326326326326325855e+00
-7.321321321321320852e+00
-7.316316316316315849e+00
-7.311311311311310845e+00
-7.306306306306305842e+00
-7.301301301301300839e+00
-7.296296296296295836e+00
-7.291291291291290833e+00
-7.286286286286285829e+00
-7.281281281281280826e+00
-7.276276276276275823e+00
-7.271271271271270820e+00
-7.266266266266265816e+00
-7.261261261261260813e+00
-7.256256256256255810e+00
-7.251251251251250807e+00
-7.246246246246245803e+00
-7.241241241241240800e+00
-7.236236236236235797e+00
-7.231231231231230794e+00
-7.226226226226225791e+00
-7.221221221221220787e+00
-7.216216216216215784e+00
-7.211211211211210781e+00
-7.206206206206205778e+00
-7.201201201201200774e+00
-7.196196196196195771e+00
-7.191191191191190768e+00
-7.186186186186185765e+00
-7.181181181181180762e+00
-7.176176176176175758e+00
-7.171171171171170755e+00
-7.166166166166165752e+00
-7.161161161161160749e+00
-7.156156156156155745e+00
-7.151151151151150742e+00
-7.146146146146145739e+00
-7.141141141141140736e+00
-7.136136136136135732e+00
-7.131131131131130729e+00
-7.126126126126125726e+00
-7.121121121121120723e+00
-7.116116116116115720e+00
-7.111111111111110716e+00
-7.106106106106105713e+00
-7.101101101101100710e+00
-7.096096096096095707e+00
-7.091091091091090703e+00
-7.086086086086085700e+00
-7.081081081081080697e+00
-7.076076076076075694e+00
-7.071071071071070691e+00
-7.066066066066065687e+00
-7.061061061061060684e+00
-7.056056056056055681e+00
-7.051051051051050678e+00
-7.046046046046045674e+00
-7.041041041041040671e+00
-7.036036036036035668e+00
-7.031031031031030665e+00
-7.026026026026025662e+00
-7.021021021021020658e+00
-7.016016016016015655e+00
-7.011011011011010652e+00
-7.006006006006005649e+00
-7.001001001001000645e+00
-6.995995995995995642e+00
-6.990990990990990639e+00
-6.985985985985985636e+00
-6.980980980980980632e+00
-6.975975975975975629e+00
-6.970970970970970626e+00
-6.965965965965965623e+00
-6.960960960960960620e+00
-6.955955955955955616e+00
-6.950950950950950613e+00
-6.945945945945945610e+00
-6.940940940940940607e+00
-6.935935935935935603e+00
-6.930930930930930600e+00
-6.925925925925925597e+00
-6.920920920920920594e+00
-6.915915915915915591e+00
-6.910910910910910587e+00
-6.905905905905905584e+00
-6.900900900900900581e+00
-6.895895895895895578e+00
-6.890890890890890574e+00
-6.885885885885885571e+00
-6.880880880880880568e+00
-6.875875875875875565e+00
-6.870870870870870561e+00
-6.865865865865865558e+00
-6.860860860860860555e+00
-6.855855855855855552e+00
-6.850850850850850549e+00
-6.845845845845845545e+00
-6.840840840840840542e+00
-6.835835835835835539e+00
-6.830830830830830536e+00
-6.825825825825825532e+00
-6.820820820820820529e+00
-6.815815815815815526e+00
-6.810810810810810523e+00
-6.805805805805805520e+00
-6.800800800800800516e+00
-6.795795795795795513e+00
-6.790790790790790510e+00
-6.785785785785785507e+00
-6.780780780780780503e+00
-6.775775775775775500e+00
-6.770770770770770497e+00
-6.765765765765765494e+00
-6.760760760760760490e+00
-6.755755755755755487e+00
-6.750750750750750484e+00
-6.745745745745745481e+00
-6.740740740740740478e+00
-6.735735735735735474e+00
-6.730730730730730471e+00
-6.725725725725725468e+00
-6.720720720720720465e+00
-6.715715715715715461e+00
-6.710710710710710458e+00
-6.705705705705705455e+00
-6.700700700700700452e+00
-6.695695695695695449e+00
-6.690690690690690445e+00
-6.685685685685685442e+00
-6.680680680680680439e+00
-6.675675675675675436e+00
-6.670670670670670432e+00
-6.665665665665665429e+00
-6.660660660660660426e+00
-6.655655655655655423e+00
-6.650650650650650419e+00
-6.645645645645645416e+00
-6.640640640640640413e+00
-6.635635635635635410e+00
-6.630630630630630407e+00
-6.625625625625625403e+00
-6.620620620620620400e+00
-6.615615615615615397e+00
-6.610610610610610394e+00
-6.605605605605605390e+00
-6.600600600600600387e+00
-6.595595595595595384e+00
-6.590590590590590381e+00
-6.585585585585585378e+00
-6.580580580580580374e+00
-6.575575575575575371e+00
-6.570570570570570368e+00
-6.565565565565565365e+00
-6.560560560560560361e+00
-6.555555555555555358e+00
-6.550550550550550355e+00
-6.545545545545545352e+00
-6.540540540540540349e+00
-6.535535535535535345e+00
-6.530530530530530342e+00
-6.525525525525525339e+00
-6.520520520520520336e+00
-6.515515515515515332e+00
-6.510510510510510329e+00
-6.505505505505505326e+00
-6.500500500500500323e+00
-6.495495495495495319e+00
-6.490490490490490316e+00
-6.485485485485485313e+00
-6.480480480480480310e+00
-6.475475475475475307e+00
-6.470470470470470303e+00
-6.465465465465465300e+00
-6.460460460460460297e+00
-6.455455455455455294e+00
-6.450450450450450290e+00
-6.445445445445445287e+00
-6.440440440440440284e+00
-6.435435435435435281e+00
-6.430430430430430278e+00
-6.425425425425425274e+00
-6.420420420420420271e+00
-6.415415415415415268e+00
-6.410410410410410265e+00
-6.405405405405405261e+00
-6.400400400400400258e+00
-6.395395395395395255e+00
-6.390390390390390252e+00
-6.385385385385385248e+00
-6.380380380380380245e+00
-6.375375375375375242e+00
-6.370370370370370239e+00
-6.365365365365365236e+00
-6.360360360360360232e+00
-6.355355355355355229e+00
-6.350350350350350226e+00
-6.345345345345345223e+00
-6.340340340340340219e+00
-6.335335335335335216e+00
-6.330330330330330213e+00
-6.325325325325325210e+00
-6.320320320320320207e+00
-6.315315315315315203e+00
-6.310310310310310200e+00
-6.305305305305305197e+00
-6.300300300300300194e+00
-6.295295295295295190e+00
-6.290290290290290187e+00
-6.285285285285285184e+00
-6.280280280280280181e+00
-6.275275275275275177e+00
-6.270270270270270174e+00
-6.265265265265265171e+00
-6.260260260260260168e+00
-6.255255255255255165e+00
-6.250250250250250161e+00
-6.245245245245245158e+00
-6.240240240240240155e+00
-6.235235235235235152e+00
-6.230230230230230148e+00
-6.225225225225225145e+00
-6.220220220220220142e+00
-6.215215215215215139e+00
-6.210210210210210136e+00
-6.205205205205205132e+00
-6.200200200200200129e+00
-6.195195195195195126e+00
-6.190190190190190123e+00
-6.185185185185185119e+00
-6.180180180180180116e+00
-6.175175175175175113e+00
-6.170170170170170110e+00
-6.165165165165165106e+00
-6.160160160160160103e+00
-6.155155155155155100e+00
-6.150150150150150097e+00
-6.145145145145145094e+00
-6.140140140140140090e+00
-6.135135135135135087e+00
-6.130130130130130084e+00
-6.125125125125125081e+00
-6.120120120120120077e+00
-6.115115115115115074e+00
-6.110110110110110071e+00
-6.105105105105105068e+00
-6.100100100100100065e+00
-6.095095095095095061e+00
-6.090090090090090058e+00
-6.085085085085085055e+00
-6.080080080080080052e+00
-6.075075075075075048e+00
-6.070070070070070045e+00
-6.065065065065065042e+00
-6.060060060060060039e+00
-6.055055055055055035e+00
-6.050050050050050032e+00
-6.045045045045045029e+00
-6.040040040040040026e+00
-6.035035035035035023e+00
-6.030030030030030019e+00
-6.025025025025025016e+00
-6.020020020020020013e+00
-6.015015015015015010e+00
-6.010010010010010006e+00
-6.005005005005005003e+00
-6.000000000000000000e+00
