-1.100000000000000000e+01 -4.451301685964606847e+00
-1.099499499499499500e+01 -4.451417717362857296e+00
-1.098998998998998999e+01 -4.451533146476868374e+00
-1.098498498498498499e+01 -4.451644837860373904e+00
-1.097997997997997999e+01 -4.451755944930896547e+00
-1.097497497497497498e+01 -4.451863490944760748e+00
-1.096996996996996998e+01 -4.451970454953873002e+00
-1.096496496496496498e+01 -4.452073938051824165e+00
-1.095995995995995997e+01 -4.452176851345957864e+00
-1.095495495495495497e+01 -4.452276417124947372e+00
-1.094994994994994997e+01 -4.452375424933897818e+00
-1.094494494494494496e+01 -4.452471211977601762e+00
-1.093993993993993996e+01 -4.452566448776734020e+00
-1.093493493493493496e+01 -4.452658564675791908e+00
-1.092992992992992995e+01 -4.452750137689607257e+00
-1.092492492492492495e+01 -4.452838684344037290e+00
-1.091991991991991995e+01 -4.452926702243381385e+00
-1.091491491491491495e+01 -4.453011821328883180e+00
-1.090990990990990994e+01 -4.453096423127232306e+00
-1.090490490490490494e+01 -4.453178235560197429e+00
-1.089989989989989994e+01 -4.453259542449325536e+00
-1.089489489489489493e+01 -4.453338167373698475e+00
-1.088988988988988993e+01 -4.453416293136743143e+00
-1.088488488488488493e+01 -4.453491813627963758e+00
-1.087987987987987992e+01 -4.453566846502062582e+00
-1.087487487487487492e+01 -4.453639374387772243e+00
-1.086986986986986992e+01 -4.453711434233086131e+00
-1.086486486486486491e+01 -4.453781126147251967e+00
-1.085985985985985991e+01 -4.453850346129239135e+00
-1.085485485485485491e+01 -4.453917216460822281e+00
-1.084984984984984990e+01 -4.453983641191137544e+00
-1.084484484484484490e+01 -4.454047879632354601e+00
-1.083983983983983990e+01 -4.454111672389319487e+00
-1.083483483483483489e+01 -4.454173311966243887e+00
-1.082982982982982989e+01 -4.454234518037528012e+00
-1.082482482482482489e+01 -4.454293660553118706e+00
-1.081981981981981988e+01 -4.454352384405549259e+00
-1.081481481481481488e+01 -4.454409144101115992e+00
-1.080980980980980988e+01 -4.454465496893977416e+00
-1.080480480480480487e+01 -4.454519968095970839e+00
-1.079979979979979987e+01 -4.454574034966705121e+00
-1.079479479479479487e+01 -4.454626259201655003e+00
-1.078978978978978986e+01 -4.454678098089214444e+00
-1.078478478478478486e+01 -4.454728205092787441e+00
-1.077977977977977986e+01 -4.454777930810273290e+00
-1.077477477477477485e+01 -4.454825967041665002e+00
-1.076976976976976985e+01 -4.454873638844206951e+00
-1.076476476476476485e+01 -4.454919717755136510e+00
-1.075975975975975985e+01 -4.454965435118959149e+00
-1.075475475475475484e+01 -4.455009594006820173e+00
-1.074974974974974984e+01 -4.455053407616509809e+00
-1.074474474474474484e+01 -4.455095752669333997e+00
-1.073973973973973983e+01 -4.455137757821219679e+00
-1.073473473473473483e+01 -4.455178336723662369e+00
-1.072972972972972983e+01 -4.455218584040605556e+00
-1.072472472472472482e+01 -4.455257458413382388e+00
-1.071971971971971982e+01 -4.455296018558625448e+00
-1.071471471471471482e+01 -4.455333294380812603e+00
-1.070970970970970981e+01 -4.455370256578955690e+00
-1.070470470470470481e+01 -4.455405953780768868e+00
-1.069969969969969981e+01 -4.455441352937595134e+00
-1.069469469469469480e+01 -4.455475565176629793e+00
-1.068968968968968980e+01 -4.455509481605862909e+00
-1.068468468468468480e+01 -4.455542235167802012e+00
-1.067967967967967979e+01 -4.455574705946381719e+00
-1.067467467467467479e+01 -4.455606078969596595e+00
-1.066966966966966979e+01 -4.455637180739567604e+00
-1.066466466466466478e+01 -4.455667242592742383e+00
-1.065965965965965978e+01 -4.455697039645993840e+00
-1.065465465465465478e+01 -4.455725834128801743e+00
-1.064964964964964977e+01 -4.455754366835074087e+00
-1.064464464464464477e+01 -4.455781920688422382e+00
-1.063963963963963977e+01 -4.455809225197683077e+00
-1.063463463463463476e+01 -4.455835608617015886e+00
-1.062962962962962976e+01 -4.455861745894069692e+00
-1.062462462462462476e+01 -4.455886984970733877e+00
-1.061961961961961975e+01 -4.455911996657465401e+00
-1.061461461461461475e+01 -4.455936188342401572e+00
-1.060960960960960975e+01 -4.455960147808072591e+00
-1.060460460460460475e+01 -4.455983279998132929e+00
-1.059959959959959974e+01 -4.456006198742861635e+00
-1.059459459459459474e+01 -4.456028365911989475e+00
-1.058958958958958974e+01 -4.456050316138070677e+00
-1.058458458458458473e+01 -4.456071511556644715e+00
-1.057957957957957973e+01 -4.456092499790681671e+00
-1.057457457457457473e+01 -4.456112775519476266e+00
-1.056956956956956972e+01 -4.456132855671696369e+00
-1.056456456456456472e+01 -4.456152270947458582e+00
-1.055955955955955972e+01 -4.456171491404354867e+00
-1.055455455455455471e+01 -4.456190057211491862e+00
-1.054954954954954971e+01 -4.456208442573615258e+00
-1.054454454454454471e+01 -4.456226228411189538e+00
-1.053953953953953970e+01 -4.456243829283035751e+00
-1.053453453453453470e+01 -4.456260822655932152e+00
-1.052952952952952970e+01 -4.456277648647102296e+00
-1.052452452452452469e+01 -4.456293930971443551e+00
-1.051951951951951969e+01 -4.456310036137437258e+00
-1.051451451451451469e+01 -4.456325572427150661e+00
-1.050950950950950968e+01 -4.456340954242418384e+00
-1.050450450450450468e+01 -4.456355845404257998e+00
-1.049949949949949968e+01 -4.456370572607150748e+00
-1.049449449449449467e+01 -4.456384784872670757e+00
-1.048948948948948967e+01 -4.456398855729459818e+00
-1.048448448448448467e+01 -4.456412487228691433e+00
-1.047947947947947966e+01 -4.456425967432653401e+00
-1.047447447447447466e+01 -4.456438982768522905e+00
-1.046946946946946966e+01 -4.456451857604768918e+00
-1.046446446446446465e+01 -4.456464305381875768e+00
-1.045945945945945965e+01 -4.456476617122160810e+00
-1.045445445445445465e+01 -4.456488519814917559e+00
-1.044944944944944965e+01 -4.456500293227521503e+00
-1.044444444444444464e+01 -4.456511682053310608e+00
-1.043943943943943964e+01 -4.456522941504820423e+00
-1.043443443443443464e+01 -4.456533820199900298e+00
-1.042942942942942963e+01 -4.456544577754295133e+00
-1.042442442442442463e+01 -4.456554982536018450e+00
-1.041941941941941963e+01 -4.456565271137743700e+00
-1.041441441441441462e+01 -4.456575224964645088e+00
-1.040940940940940962e+01 -4.456585055782271709e+00
-1.040440440440440462e+01 -4.456594535891308162e+00
-1.039939939939939961e+01 -4.456603919461432639e+00
-1.039439439439439461e+01 -4.456613030583405966e+00
-1.038938938938938961e+01 -4.456622031281697538e+00
-1.038438438438438460e+01 -4.456630723630917501e+00
-1.037937937937937960e+01 -4.456639310958798283e+00
-1.037437437437437460e+01 -4.456647608035830821e+00
-1.036936936936936959e+01 -4.456655810294318343e+00
-1.036436436436436459e+01 -4.456663753164123776e+00
-1.035935935935935959e+01 -4.456671598895794340e+00
-1.035435435435435458e+01 -4.456679181614076946e+00
-1.034934934934934958e+01 -4.456686678114599509e+00
-1.034434434434434458e+01 -4.456693943517660905e+00
-1.033933933933933957e+01 -4.456701114818629073e+00
-1.033433433433433457e+01 -4.456708036458197242e+00
-1.032932932932932957e+01 -4.456714878362674881e+00
-1.032432432432432456e+01 -4.456721510823999921e+00
-1.031931931931931956e+01 -4.456728057703982060e+00
-1.031431431431431456e+01 -4.456734382047270238e+00
-1.030930930930930955e+01 -4.456740632092118126e+00
-1.030430430430430455e+01 -4.456746690845395875e+00
-1.029929929929929955e+01 -4.456752674562382666e+00
-1.029429429429429455e+01 -4.456758467005710322e+00
-1.028928928928928954e+01 -4.456764180695288680e+00
-1.028428428428428454e+01 -4.456769695622996075e+00
-1.027927927927927954e+01 -4.456775138770176170e+00
-1.027427427427427453e+01 -4.456780402525944318e+00
-1.026926926926926953e+01 -4.456785608507644270e+00
-1.026426426426426453e+01 -4.456790671496707823e+00
-1.025925925925925952e+01 -4.456795662010065051e+00
-1.025425425425425452e+01 -4.456800474912977705e+00
-1.024924924924924952e+01 -4.456805226286845389e+00
-1.024424424424424451e+01 -4.456809828327272349e+00
-1.023923923923923951e+01 -4.456814373856980538e+00
-1.023423423423423451e+01 -4.456818783551878660e+00
-1.022922922922922950e+01 -4.456823136112905814e+00
-1.022422422422422450e+01 -4.456827352662653396e+00
-1.021921921921921950e+01 -4.456831505348520572e+00
-1.021421421421421449e+01 -4.456835507464421475e+00
-1.020920920920920949e+01 -4.456839460605689140e+00
-1.020420420420420449e+01 -4.456843299370724765e+00
-1.019919919919919948e+01 -4.456847084364481404e+00
-1.019419419419419448e+01 -4.456850744977183254e+00
-1.018918918918918948e+01 -4.456854359267727439e+00
-1.018418418418418447e+01 -4.456857867416510466e+00
-1.017917917917917947e+01 -4.456861328038164594e+00
-1.017417417417417447e+01 -4.456864680784437205e+00
-1.016916916916916946e+01 -4.456867987635086514e+00
-1.016416416416416446e+01 -4.456871191290518119e+00
-1.015915915915915946e+01 -4.456874349833482185e+00
-1.015415415415415445e+01 -4.456877407890494247e+00
-1.014914914914914945e+01 -4.456880417948309692e+00
-1.014414414414414445e+01 -4.456883322088207144e+00
-1.013913913913913944e+01 -4.456886188557554362e+00
-1.013413413413413444e+01 -4.456888972667708337e+00
-1.012912912912912944e+01 -4.456891721905573256e+00
-1.012412412412412444e+01 -4.456894395605964121e+00
-1.011911911911911943e+01 -4.456897024493117421e+00
-1.011411411411411443e+01 -4.456899557209906604e+00
-1.010910910910910943e+01 -4.456902056464643991e+00
-1.010410410410410442e+01 -4.456904484564499391e+00
-1.009909909909909942e+01 -4.456906887515950544e+00
-1.009409409409409442e+01 -4.456909237476868846e+00
-1.008908908908908941e+01 -4.456911541721952474e+00
-1.008408408408408441e+01 -4.456913750529030160e+00
-1.007907907907907941e+01 -4.456915925563697201e+00
-1.007407407407407440e+01 -4.456918030731977787e+00
-1.006906906906906940e+01 -4.456920115831212392e+00
-1.006406406406406440e+01 -4.456922159784808102e+00
-1.005905905905905939e+01 -4.456924165661174442e+00
-1.005405405405405439e+01 -4.456926094185861054e+00
-1.004904904904904939e+01 -4.456927998560241910e+00
-1.004404404404404438e+01 -4.456929854313432138e+00
-1.003903903903903938e+01 -4.456931679593230555e+00
-1.003403403403403438e+01 -4.456933444074745232e+00
-1.002902902902902937e+01 -4.456935177118211300e+00
-1.002402402402402437e+01 -4.456936848000530027e+00
-1.001901901901901937e+01 -4.456938505633088354e+00
-1.001401401401401436e+01 -4.456940137297705995e+00
-1.000900900900900936e+01 -4.456941739487534804e+00
-1.000400400400400436e+01 -4.456943284431519992e+00
-9.998998998998999355e+00 -4.456944815680648375e+00
-9.993993993993994351e+00 -4.456946320564953545e+00
-9.988988988988989348e+00 -4.456947808789440302e+00
-9.983983983983984345e+00 -4.456949265225899737e+00
-9.978978978978979342e+00 -4.456950697781782544e+00
-9.973973973973974338e+00 -4.456952085175897693e+00
-9.968968968968969335e+00 -4.456953451556229240e+00
-9.963963963963964332e+00 -4.456954778545531681e+00
-9.958958958958959329e+00 -4.456956099562165541e+00
-9.953953953953954326e+00 -4.456957409478586207e+00
-9.948948948948949322e+00 -4.456958717340689269e+00
-9.943943943943944319e+00 -4.456960021416080053e+00
-9.938938938938939316e+00 -4.456961314237906535e+00
-9.933933933933934313e+00 -4.456962586511798996e+00
-9.928928928928929309e+00 -4.456963859698374719e+00
-9.923923923923924306e+00 -4.456965134533651174e+00
-9.918918918918919303e+00 -4.456966418163053056e+00
-9.913913913913914300e+00 -4.456967717566476139e+00
-9.908908908908909297e+00 -4.456969027501441971e+00
-9.903903903903904293e+00 -4.456970356163851399e+00
-9.898898898898899290e+00 -4.456971709401431170e+00
-9.893893893893894287e+00 -4.456973105965799320e+00
-9.888888888888889284e+00 -4.456974535871717435e+00
-9.883883883883884280e+00 -4.456976024054372765e+00
-9.878878878878879277e+00 -4.456977555693997672e+00
-9.873873873873874274e+00 -4.456979162638763370e+00
-9.868868868868869271e+00 -4.456980816930551370e+00
-9.863863863863864268e+00 -4.456982552564848987e+00
-9.858858858858859264e+00 -4.456984374910716085e+00
-9.853853853853854261e+00 -4.456986344956407109e+00
-9.848848848848849258e+00 -4.456988407585605216e+00
-9.843843843843844255e+00 -4.456990626569831804e+00
-9.838838838838839251e+00 -4.456992958891035528e+00
-9.833833833833834248e+00 -4.456995480985809444e+00
-9.828828828828829245e+00 -4.456998164922187478e+00
-9.823823823823824242e+00 -4.457001117548018421e+00
-9.818818818818819238e+00 -4.457004238229444582e+00
-9.813813813813814235e+00 -4.457007635548443147e+00
-9.808808808808809232e+00 -4.457011468823055544e+00
-9.803803803803804229e+00 -4.457016013674055976e+00
-9.798798798798799226e+00 -4.457020565430556580e+00
-9.793793793793794222e+00 -4.457025128334061392e+00
-9.788788788788789219e+00 -4.457030030844733481e+00
-9.783783783783784216e+00 -4.457035478342683099e+00
-9.778778778778779213e+00 -4.457041372533861789e+00
-9.773773773773774209e+00 -4.457047977530748994e+00
-9.768768768768769206e+00 -4.457054936441067206e+00
-9.763763763763764203e+00 -4.457062453768644517e+00
-9.758758758758759200e+00 -4.457070561002175246e+00
-9.753753753753754197e+00 -4.457079591238873206e+00
-9.748748748748749193e+00 -4.457088968719333799e+00
-9.743743743743744190e+00 -4.457098884916878667e+00
-9.738738738738739187e+00 -4.457109675965352125e+00
-9.733733733733734184e+00 -4.457121813081075246e+00
-9.728728728728729180e+00 -4.457134631091025589e+00
-9.723723723723724177e+00 -4.457148487936664516e+00
-9.718718718718719174e+00 -4.457163231813960458e+00
-9.713713713713714171e+00 -4.457179317787242745e+00
-9.708708708708709167e+00 -4.457196244402601870e+00
-9.703703703703704164e+00 -4.457214432290882655e+00
-9.698698698698699161e+00 -4.457233748133167417e+00
-9.693693693693694158e+00 -4.457254742336369979e+00
-9.688688688688689155e+00 -4.457277029331631724e+00
-9.683683683683684151e+00 -4.457301224007658824e+00
-9.678678678678679148e+00 -4.457326720007552368e+00
-9.673673673673674145e+00 -4.457354120296713518e+00
-9.668668668668669142e+00 -4.457383078582275893e+00
-9.663663663663664138e+00 -4.457414297948598225e+00
-9.658658658658659135e+00 -4.457447087955447529e+00
-9.653653653653654132e+00 -4.457482138452615317e+00
-9.648648648648649129e+00 -4.457519046969160570e+00
-9.643643643643644126e+00 -4.457558607583758103e+00
-9.638638638638639122e+00 -4.457600226776916585e+00
-9.633633633633634119e+00 -4.457644760109276127e+00
-9.628628628628629116e+00 -4.457691399175383928e+00
-9.623623623623624113e+00 -4.457740994436516502e+00
-9.618618618618619109e+00 -4.457793055041106456e+00
-9.613613613613614106e+00 -4.457848548360100693e+00
-9.608608608608609103e+00 -4.457906394703609720e+00
-9.603603603603604100e+00 -4.457967490072416439e+00
-9.598598598598599096e+00 -4.458031394544729409e+00
-9.593593593593594093e+00 -4.458099146254602019e+00
-9.588588588588589090e+00 -4.458169858758584958e+00
-9.583583583583584087e+00 -4.458244592849736065e+00
-9.578578578578579084e+00 -4.458322464358470683e+00
-9.573573573573574080e+00 -4.458404562316867548e+00
-9.568568568568569077e+00 -4.458490048440781450e+00
-9.563563563563564074e+00 -4.458580061411765882e+00
-9.558558558558559071e+00 -4.458673447724595285e+00
-9.553553553553554067e+00 -4.458771303721967172e+00
-9.548548548548549064e+00 -4.458873069612919515e+00
-9.543543543543544061e+00 -4.458979974347151654e+00
-9.538538538538539058e+00 -4.459090615695101789e+00
-9.533533533533534055e+00 -4.459206127130937780e+00
-9.528528528528529051e+00 -4.459325641648338667e+00
-9.523523523523524048e+00 -4.459450331034968684e+00
-9.518518518518519045e+00 -4.459579391142612259e+00
-9.513513513513514042e+00 -4.459714055594883320e+00
-9.508508508508509038e+00 -4.459853126738750895e+00
-9.503503503503504035e+00 -4.459997801741615753e+00
-9.498498498498499032e+00 -4.460147002218561418e+00
-9.493493493493494029e+00 -4.460301910417203253e+00
-9.488488488488489025e+00 -4.460461607622323577e+00
-9.483483483483484022e+00 -4.460627295902833467e+00
-9.478478478478479019e+00 -4.460797714405299708e+00
-9.473473473473474016e+00 -4.460974001458639648e+00
-9.468468468468469013e+00 -4.461155371974767192e+00
-9.463463463463464009e+00 -4.461342998613358368e+00
-9.458458458458459006e+00 -4.461535597514564522e+00
-9.453453453453454003e+00 -4.461734264951199513e+00
-9.448448448448449000e+00 -4.461938002369231882e+00
-9.443443443443443996e+00 -4.462147877162656151e+00
-9.438438438438438993e+00 -4.462363040532604685e+00
-9.433433433433433990e+00 -4.462584554322784669e+00
-9.428428428428428987e+00 -4.462811273091763731e+00
-9.423423423423423984e+00 -4.463044190416304957e+00
-9.418418418418418980e+00 -4.463282278034747641e+00
-9.413413413413413977e+00 -4.463526472504952380e+00
-9.408408408408408974e+00 -4.463776128162596279e+00
-9.403403403403403971e+00 -4.464032183138572307e+00
-9.398398398398398967e+00 -4.464293452035262177e+00
-9.393393393393393964e+00 -4.464560779768060428e+00
-9.388388388388388961e+00 -4.464833360971207199e+00
-9.383383383383383958e+00 -4.465111997807833966e+00
-9.378378378378378954e+00 -4.465395876193704261e+00
-9.373373373373373951e+00 -4.465685747735451017e+00
-9.368368368368368948e+00 -4.465980657212544003e+00
-9.363363363363363945e+00 -4.466281279769379609e+00
-9.358358358358358942e+00 -4.466587087409108037e+00
-9.353353353353353938e+00 -4.466898728857105816e+00
-9.348348348348348935e+00 -4.467215271190251968e+00
-9.343343343343343932e+00 -4.467537282259502973e+00
-9.338338338338338929e+00 -4.467864119516930188e+00
-9.333333333333333925e+00 -4.468196299229409085e+00
-9.328328328328328922e+00 -4.468533220263218197e+00
-9.323323323323323919e+00 -4.468875348153387606e+00
-9.318318318318318916e+00 -4.469222037464788855e+00
-9.313313313313313913e+00 -4.469573696046039935e+00
-9.308308308308308909e+00 -4.469929699180711147e+00
-9.303303303303303906e+00 -4.470290397558322582e+00
-9.298298298298298903e+00 -4.470655319735112876e+00
-9.293293293293293900e+00 -4.471024771024500133e+00
-9.288288288288288896e+00 -4.471398179790223359e+00
-9.283283283283283893e+00 -4.471775798499101562e+00
-9.278278278278278890e+00 -4.472157144397022499e+00
-9.273273273273273887e+00 -4.472542424345935963e+00
-9.268268268268268884e+00 -4.472931564333351595e+00
-9.263263263263263880e+00 -4.473324748991718280e+00
-9.258258258258258877e+00 -4.473721080214473567e+00
-9.253253253253253874e+00 -4.474120681380628461e+00
-9.248248248248248871e+00 -4.474523504354603887e+00
-9.243243243243243867e+00 -4.474929651765134686e+00
-9.238238238238238864e+00 -4.475338710011318000e+00
-9.233233233233233861e+00 -4.475750749470340573e+00
-9.228228228228228858e+00 -4.476165340922405811e+00
-9.223223223223223854e+00 -4.476582527014985047e+00
-9.218218218218218851e+00 -4.477002126076904176e+00
-9.213213213213213848e+00 -4.477424161655402024e+00
-9.208208208208208845e+00 -4.477848363685112076e+00
-9.203203203203203842e+00 -4.478274738776685915e+00
-9.198198198198198838e+00 -4.478702984004894638e+00
-9.193193193193193835e+00 -4.479133093458681714e+00
-9.188188188188188832e+00 -4.479564902399609139e+00
-9.183183183183183829e+00 -4.479998395718628679e+00
-9.178178178178178825e+00 -4.480433109920050505e+00
-9.173173173173173822e+00 -4.480869029826997973e+00
-9.168168168168168819e+00 -4.481306202618022816e+00
-9.163163163163163816e+00 -4.481744606242858531e+00
-9.158158158158158813e+00 -4.482183845018420598e+00
-9.153153153153153809e+00 -4.482623905779768769e+00
-9.148148148148148806e+00 -4.483064527373181285e+00
-9.143143143143143803e+00 -4.483505705723429102e+00
-9.138138138138138800e+00 -4.483947437033661387e+00
-9.133133133133133796e+00 -4.484389716883774746e+00
-9.128128128128128793e+00 -4.484832130048452825e+00
-9.123123123123123790e+00 -4.485274696077645729e+00
-9.118118118118118787e+00 -4.485717187208188683e+00
-9.113113113113113783e+00 -4.486159639184716497e+00
-9.108108108108108780e+00 -4.486601926048725986e+00
-9.103103103103103777e+00 -4.487044094080572698e+00
-9.098098098098098774e+00 -4.487485739264564621e+00
-9.093093093093093771e+00 -4.487926941350911747e+00
-9.088088088088088767e+00 -4.488367627735180498e+00
-9.083083083083083764e+00 -4.488807884490871203e+00
-9.078078078078078761e+00 -4.489247263766412033e+00
-9.073073073073073758e+00 -4.489685893040408438e+00
-9.068068068068068754e+00 -4.490123668258274137e+00
-9.063063063063063751e+00 -4.490560723704850155e+00
-9.058058058058058748e+00 -4.490996684837809561e+00
-9.053053053053053745e+00 -4.491431721305643165e+00
-9.048048048048048742e+00 -4.491865593349377406e+00
-9.043043043043043738e+00 -4.492298489260083016e+00
-9.038038038038038735e+00 -4.492730112421837063e+00
-9.033033033033033732e+00 -4.493160675337315446e+00
-9.028028028028028729e+00 -4.493590041800430868e+00
-9.023023023023023725e+00 -4.494018425636308933e+00
-9.018018018018018722e+00 -4.494445344541465381e+00
-9.013013013013013719e+00 -4.494871060118205364e+00
-9.008008008008008716e+00 -4.495295367401785924e+00
-9.003003003003003712e+00 -4.495718532048798899e+00
-8.997997997997998709e+00 -4.496140299409101537e+00
-8.992992992992991930e+00 -4.496560945219121308e+00
-8.987987987987988703e+00 -4.496980165559244291e+00
-8.982982982982981923e+00 -4.497398252170402344e+00
-8.977977977977978696e+00 -4.497814899990308923e+00
-8.972972972972971917e+00 -4.498230414522069509e+00
-8.967967967967968690e+00 -4.498644773873160752e+00
-8.962962962962961910e+00 -4.499058246205852818e+00
-8.957957957957958683e+00 -4.499470476971288768e+00
-8.952952952952951904e+00 -4.499881759411537452e+00
-8.947947947947948677e+00 -4.500291936856698705e+00
-8.942942942942941897e+00 -4.500701287249423643e+00
-8.937937937937938671e+00 -4.501109699108816642e+00
-8.932932932932931891e+00 -4.501517427511076086e+00
-8.927927927927928664e+00 -4.501924415810165669e+00
-8.922922922922921884e+00 -4.502330887701757156e+00
-8.917917917917918658e+00 -4.502736833044183484e+00
-8.912912912912911878e+00 -4.503142438528653813e+00
-8.907907907907908651e+00 -4.503547806735022085e+00
-8.902902902902901872e+00 -4.503953068678375082e+00
-8.897897897897898645e+00 -4.504358221773589577e+00
-8.892892892892891865e+00 -4.504763372852129244e+00
-8.887887887887888638e+00 -4.505168866659323257e+00
-8.882882882882881859e+00 -4.505574711876221272e+00
-8.877877877877878632e+00 -4.505981097848500205e+00
-8.872872872872871852e+00 -4.506387988171288939e+00
-8.867867867867868625e+00 -4.506795971366168274e+00
-8.862862862862861846e+00 -4.507204879891870242e+00
-8.857857857857858619e+00 -4.507615256988168007e+00
-8.852852852852851839e+00 -4.508026840467477925e+00
-8.847847847847848612e+00 -4.508440434624336746e+00
-8.842842842842841833e+00 -4.508855637014425710e+00
-8.837837837837838606e+00 -4.509273173027669834e+00
-8.832832832832831826e+00 -4.509692549831682662e+00
-8.827827827827828600e+00 -4.510115120956124990e+00
-8.822822822822821820e+00 -4.510540159427643303e+00
-8.817817817817818593e+00 -4.510968695749606461e+00
-8.812812812812811814e+00 -4.511399908233336475e+00
-8.807807807807808587e+00 -4.511835408198135333e+00
-8.802802802802801807e+00 -4.512274143591227471e+00
-8.797797797797798580e+00 -4.512718093348624393e+00
-8.792792792792791801e+00 -4.513165928625550549e+00
-8.787787787787788574e+00 -4.513619461267229127e+00
-8.782782782782781794e+00 -4.514077202509819919e+00
-8.777777777777778567e+00 -4.514541683930797689e+00
-8.772772772772771788e+00 -4.515011089774818132e+00
-8.767767767767768561e+00 -4.515488161691447289e+00
-8.762762762762761781e+00 -4.515970781364070596e+00
-8.757757757757758554e+00 -4.516462028450073163e+00
-8.752752752752751775e+00 -4.516959462679715820e+00
-8.747747747747748548e+00 -4.517466379844978341e+00
-8.742742742742741768e+00 -4.517980041476728381e+00
-8.737737737737738541e+00 -4.518504470005220597e+00
-8.732732732732731762e+00 -4.519036487254736834e+00
-8.727727727727728535e+00 -4.519580559608872505e+00
-8.722722722722721755e+00 -4.520133056561439489e+00
-8.717717717717718529e+00 -4.520698867111228481e+00
-8.712712712712711749e+00 -4.521273907196706077e+00
-8.707707707707708522e+00 -4.521863395192709412e+00
-8.702702702702701743e+00 -4.522462824297837969e+00
-8.697697697697698516e+00 -4.523077852542483512e+00
-8.692692692692691736e+00 -4.523703536262636327e+00
-8.687687687687688509e+00 -4.524346742649884234e+00
-8.682682682682681730e+00 -4.525001820378742323e+00
-8.677677677677678503e+00 -4.525684794360109287e+00
-8.672672672672671723e+00 -4.526386373194001500e+00
-8.667667667667668496e+00 -4.527140153461137295e+00
-8.662662662662661717e+00 -4.527928242025891059e+00
-8.657657657657658490e+00 -4.528748915034366718e+00
-8.652652652652651710e+00 -4.529591105241288496e+00
-8.647647647647648483e+00 -4.530462221774435250e+00
-8.642642642642641704e+00 -4.531352433139477220e+00
-8.637637637637638477e+00 -4.532269126968622608e+00
-8.632632632632631697e+00 -4.533203298567491935e+00
-8.627627627627628470e+00 -4.534172966228349644e+00
-8.622622622622621691e+00 -4.535165732196889010e+00
-8.617617617617618464e+00 -4.536193799622033396e+00
-8.612612612612611684e+00 -4.537244779016084806e+00
-8.607607607607608458e+00 -4.538331911266739738e+00
-8.602602602602601678e+00 -4.539442428518873918e+00
-8.597597597597598451e+00 -4.540588022489030706e+00
-8.592592592592591672e+00 -4.541756293782757581e+00
-8.587587587587588445e+00 -4.542959928347191756e+00
-8.582582582582581665e+00 -4.544186380817048843e+00
-8.577577577577578438e+00 -4.545452595324069200e+00
-8.572572572572571659e+00 -4.546744266475278629e+00
-8.567567567567568432e+00 -4.548074328131199273e+00
-8.562562562562561652e+00 -4.549429006641074302e+00
-8.557557557557558425e+00 -4.550820560791994041e+00
-8.552552552552551646e+00 -4.552235826298872468e+00
-8.547547547547548419e+00 -4.553685679433090883e+00
-8.542542542542541639e+00 -4.555157900892396583e+00
-8.537537537537538412e+00 -4.556663601717454881e+00
-8.532532532532531633e+00 -4.558191042105309343e+00
-8.527527527527528406e+00 -4.559750188456439979e+00
-8.522522522522521626e+00 -4.561330074343935337e+00
-8.517517517517518399e+00 -4.562940148367316873e+00
-8.512512512512511620e+00 -4.564570127346115669e+00
-8.507507507507508393e+00 -4.566224730968720280e+00
-8.502502502502501613e+00 -4.567896104209258290e+00
-8.497497497497498387e+00 -4.569589326623285430e+00
-8.492492492492491607e+00 -4.571297796927235702e+00
-8.487487487487488380e+00 -4.573035280129539082e+00
-8.482482482482481601e+00 -4.574792105696019462e+00
-8.477477477477478374e+00 -4.576575233340571813e+00
-8.472472472472471594e+00 -4.578376263380571132e+00
-8.467467467467468367e+00 -4.580208165342021687e+00
-8.462462462462461588e+00 -4.582060582711232399e+00
-8.457457457457458361e+00 -4.583902618974010856e+00
-8.452452452452451581e+00 -4.585742593016816748e+00
-8.447447447447448354e+00 -4.587580834130905671e+00
-8.442442442442441575e+00 -4.589421761910247533e+00
-8.437437437437438348e+00 -4.591280373786068125e+00
-8.432432432432431568e+00 -4.593152208465169473e+00
-8.427427427427428341e+00 -4.594983413616572143e+00
-8.422422422422421562e+00 -4.596796701195200008e+00
-8.417417417417418335e+00 -4.598598168205052517e+00
-8.412412412412411555e+00 -4.600396997514554442e+00
-8.407407407407408328e+00 -4.602177153365554219e+00
-8.402402402402401549e+00 -4.603951101594115691e+00
-8.397397397397398322e+00 -4.605688500208628966e+00
-8.392392392392391542e+00 -4.607410403410428401e+00
-8.387387387387388316e+00 -4.609097362693402644e+00
-8.382382382382381536e+00 -4.610769659424560629e+00
-8.377377377377378309e+00 -4.612406675314454141e+00
-8.372372372372371530e+00 -4.614028863158986304e+00
-8.367367367367368303e+00 -4.615618038647448351e+00
-8.362362362362361523e+00 -4.617193542110581639e+00
-8.357357357357358296e+00 -4.618739489237976059e+00
-8.352352352352351517e+00 -4.620273507612626673e+00
-8.347347347347348290e+00 -4.621781099505494872e+00
-8.342342342342341510e+00 -4.623278330230212951e+00
-8.337337337337338283e+00 -4.624750528078717338e+00
-8.332332332332331504e+00 -4.626213065032776406e+00
-8.327327327327328277e+00 -4.627650443453008577e+00
-8.322322322322321497e+00 -4.629078114675463596e+00
-8.317317317317318270e+00 -4.630479700803630472e+00
-8.312312312312311491e+00 -4.631871147138708622e+00
-8.307307307307308264e+00 -4.633237317261445831e+00
-8.302302302302301484e+00 -4.634593749604135837e+00
-8.297297297297298257e+00 -4.635926170553513970e+00
-8.292292292292291478e+00 -4.637249468762555615e+00
-8.287287287287288251e+00 -4.638550774402653509e+00
-8.282282282282281471e+00 -4.639843921264503734e+00
-8.277277277277278245e+00 -4.641121673108497880e+00
-8.272272272272271465e+00 -4.642394351344155012e+00
-8.267267267267268238e+00 -4.643656146738360135e+00
-8.262262262262261459e+00 -4.644914965229233417e+00
-8.257257257257258232e+00 -4.646146987056960498e+00
-8.252252252252251452e+00 -4.647368786449685985e+00
-8.247247247247248225e+00 -4.648564547028631644e+00
-8.242242242242241446e+00 -4.649750443880233064e+00
-8.237237237237238219e+00 -4.650911287657153004e+00
-8.232232232232231439e+00 -4.652062726023247663e+00
-8.227227227227228212e+00 -4.653189316620960803e+00
-8.222222222222221433e+00 -4.654306610691468116e+00
-8.217217217217218206e+00 -4.655399454616434340e+00
-8.212212212212211426e+00 -4.656483195288513954e+00
-8.207207207207208199e+00 -4.657543453150059243e+00
-8.202202202202201420e+00 -4.658595047773714803e+00
-8.197197197197198193e+00 -4.659624867391587877e+00
-8.192192192192191413e+00 -4.660646778916646582e+00
-8.187187187187188186e+00 -4.661647610912524442e+00
-8.182182182182181407e+00 -4.662640851356157690e+00
-8.177177177177178180e+00 -4.663614963906972832e+00
-8.172172172172171400e+00 -4.664582328948234213e+00
-8.167167167167168174e+00 -4.665528200908160450e+00
-8.162162162162161394e+00 -4.666466357017232447e+00
-8.157157157157158167e+00 -4.667383927523558462e+00
-8.152152152152151388e+00 -4.668294179556039758e+00
-8.147147147147148161e+00 -4.669184850874367854e+00
-8.142142142142141381e+00 -4.670068637403085532e+00
-8.137137137137138154e+00 -4.670934032398054825e+00
-8.132132132132131375e+00 -4.671793046850020836e+00
-8.127127127127128148e+00 -4.672633505876528481e+00
-8.122122122122121368e+00 -4.673467540247433050e+00
-8.117117117117118141e+00 -4.674283726678189588e+00
-8.112112112112111362e+00 -4.675093791979204383e+00
-8.107107107107108135e+00 -4.675887372018809884e+00
-8.102102102102101355e+00 -4.676675389297952457e+00
-8.097097097097098128e+00 -4.677448910557084005e+00
-8.092092092092091349e+00 -4.678217665211142240e+00
-8.087087087087088122e+00 -4.678969384220286187e+00
-8.082082082082081342e+00 -4.679715377449897851e+00
-8.077077077077078116e+00 -4.680446649344712107e+00
-8.072072072072071336e+00 -4.681173101320142749e+00
-8.067067067067068109e+00 -4.681885102617330041e+00
-8.062062062062061329e+00 -4.682592406942635677e+00
-8.057057057057058103e+00 -4.683286205843473660e+00
-8.052052052052051323e+00 -4.683975681836153093e+00
-8.047047047047048096e+00 -4.684651980578726338e+00
-8.042042042042041317e+00 -4.685324097734197224e+00
-8.037037037037038090e+00 -4.685984351902215295e+00
-8.032032032032031310e+00 -4.686640925438513072e+00
-8.027027027027028083e+00 -4.687286374274732381e+00
-8.022022022022021304e+00 -4.687928428346721965e+00
-8.017017017017018077e+00 -4.688560054626110585e+00
-8.012012012012011297e+00 -4.689188553602765985e+00
-8.007007007007008070e+00 -4.689806649012298045e+00
-8.002002002002001291e+00 -4.690421642481843456e+00
-7.996996996996997176e+00 -4.691025794315052622e+00
-7.991991991991992172e+00 -4.691626707188550682e+00
-7.986986986986987169e+00 -4.692216373061871337e+00
-7.981981981981982166e+00 -4.692802676599045597e+00
-7.976976976976977163e+00 -4.693378206607960124e+00
-7.971971971971972160e+00 -4.693950555157139881e+00
-7.966966966966967156e+00 -4.694512083707432559e+00
-7.961961961961962153e+00 -4.695070432620052081e+00
-7.956956956956957150e+00 -4.695618834829321742e+00
-7.951951951951952147e+00 -4.696164369032664432e+00
-7.946946946946947143e+00 -4.696700336159083555e+00
-7.941941941941942140e+00 -4.697233578341664995e+00
-7.936936936936937137e+00 -4.697757199164441566e+00
-7.931931931931932134e+00 -4.698278093437238567e+00
-7.926926926926927131e+00 -4.698788712050383509e+00
-7.921921921921922127e+00 -4.699296407485249460e+00
-7.916916916916917124e+00 -4.699794399511193710e+00
-7.911911911911912121e+00 -4.700289670193900093e+00
-7.906906906906907118e+00 -4.700775575026639785e+00
-7.901901901901902114e+00 -4.701258882836643060e+00
-7.896896896896897111e+00 -4.701733053853532240e+00
-7.891891891891892108e+00 -4.702204716395987916e+00
-7.886886886886887105e+00 -4.702667626298064008e+00
-7.881881881881882101e+00 -4.703128163533816242e+00
-7.876876876876877098e+00 -4.703580098331146431e+00
-7.871871871871872095e+00 -4.704029722356508181e+00
-7.866866866866867092e+00 -4.704471298116065014e+00
-7.861861861861862089e+00 -4.704910747361682688e+00
-7.856856856856857085e+00 -4.705342571706799149e+00
-7.851851851851852082e+00 -4.705772411676340639e+00
-7.846846846846847079e+00 -4.706195252052799205e+00
-7.841841841841842076e+00 -4.706616308229939705e+00
-7.836836836836837072e+00 -4.707030876613393033e+00
-7.831831831831832069e+00 -4.707443824449302205e+00
-7.826826826826827066e+00 -4.707850494461014890e+00
-7.821821821821822063e+00 -4.708255617201871246e+00
-7.816816816816817060e+00 -4.708654926604374680e+00
-7.811811811811812056e+00 -4.709052834163024670e+00
-7.806806806806807053e+00 -4.709446168179134418e+00
-7.801801801801802050e+00 -4.709838463846104162e+00
-7.796796796796797047e+00 -4.710225388627464760e+00
-7.791791791791791155e+00 -4.710611060020992724e+00
-7.786786786786786152e+00 -4.710990794990195241e+00
-7.781781781781781149e+00 -4.711369129834227287e+00
-7.776776776776776146e+00 -4.711742061753988686e+00
-7.771771771771771142e+00 -4.712113751151990826e+00
-7.766766766766766139e+00 -4.712480437501947783e+00
-7.761761761761761136e+00 -4.712846000060672225e+00
-7.756756756756756133e+00 -4.713206530313798659e+00
-7.751751751751751129e+00 -4.713565938573426095e+00
-7.746746746746746126e+00 -4.713919813424879202e+00
-7.741741741741741123e+00 -4.714272443353616282e+00
-7.736736736736736120e+00 -4.714619264184990222e+00
-7.731731731731731116e+00 -4.714964778555510883e+00
-7.726726726726726113e+00 -4.715305120358514124e+00
-7.721721721721721110e+00 -4.715644331058608252e+00
-7.716716716716716107e+00 -4.715978687562431659e+00
-7.711711711711711104e+00 -4.716312004062900520e+00
-7.706706706706706100e+00 -4.716640492455715261e+00
-7.701701701701701097e+00 -4.716967956768420400e+00
-7.696696696696696094e+00 -4.717290626538051868e+00
-7.691691691691691091e+00 -4.717612289875449783e+00
-7.686686686686686087e+00 -4.717929075281403151e+00
-7.681681681681681084e+00 -4.718244843014623768e+00
-7.676676676676676081e+00 -4.718555889229389066e+00
-7.671671671671671078e+00 -4.718865965072237323e+00
-7.666666666666666075e+00 -4.719171343987968115e+00
-7.661661661661661071e+00 -4.719475767519155873e+00
-7.656656656656656068e+00 -4.719777390449308108e+00
-7.651651651651651065e+00 -4.720078515066554736e+00
-7.646646646646646062e+00 -4.720377552010495137e+00
-7.641641641641641058e+00 -4.720676262582628624e+00
-7.636636636636636055e+00 -4.720972897612748298e+00
-7.631631631631631052e+00 -4.721269213470997705e+00
-7.626626626626626049e+00 -4.721563383018496651e+00
-7.621621621621621046e+00 -4.721857221677693062e+00
-7.616616616616616042e+00 -4.722149022562446063e+00
-7.611611611611611039e+00 -4.722440521336809915e+00
-7.606606606606606036e+00 -4.722729870937197205e+00
-7.601601601601601033e+00 -4.723018898030322710e+00
-7.596596596596596029e+00 -4.723305745743417994e+00
-7.591591591591591026e+00 -4.723592268761295010e+00
-7.586586586586586023e+00 -4.723876668473595331e+00
-7.581581581581581020e+00 -4.724160759983179858e+00
-7.576576576576576016e+00 -4.724442542905411102e+00
-7.571571571571571013e+00 -4.724723982607845763e+00
-7.566566566566566010e+00 -4.725003261012122202e+00
-7.561561561561561007e+00 -4.725282231616889206e+00
-7.556556556556556004e+00 -4.725558816932006856e+00
-7.551551551551551000e+00 -4.725835052544038462e+00
-7.546546546546545997e+00 -4.726108961723374691e+00
-7.541541541541540994e+00 -4.726382537848981436e+00
-7.536536536536535991e+00 -4.726653720413425575e+00
-7.531531531531530987e+00 -4.726924561013264636e+00
-7.526526526526525984e+00 -4.727192891019878829e+00
-7.521521521521520981e+00 -4.727460860571141232e+00
-7.516516516516515978e+00 -4.727726299018473632e+00
-7.511511511511510975e+00 -4.727991377832903019e+00
-7.506506506506505971e+00 -4.728253811074587531e+00
-7.501501501501500968e+00 -4.728515867544264673e+00
-7.496496496496495965e+00 -4.728775305053312117e+00
-7.491491491491490962e+00 -4.729034375826309144e+00
-7.486486486486485958e+00 -4.729290751798178150e+00
-7.481481481481480955e+00 -4.729546751848064723e+00
-7.476476476476475952e+00 -4.729799839445654186e+00
-7.471471471471470949e+00 -4.730052516245456751e+00
-7.466466466466465945e+00 -4.730302415589700438e+00
-7.461461461461460942e+00 -4.730551933919660890e+00
-7.456456456456455939e+00 -4.730798413969803384e+00
-7.451451451451450936e+00 -4.731044471777965832e+00
-7.446446446446445933e+00 -4.731287558546305227e+00
-7.441441441441440929e+00 -4.731530240425081857e+00
-7.436436436436435926e+00 -4.731769785347878177e+00
-7.431431431431430923e+00 -4.732008902251867433e+00
-7.426426426426425920e+00 -4.732244953021410794e+00
-7.421421421421420916e+00 -4.732480593503501254e+00
-7.416416416416415913e+00 -4.732713031121082992e+00
-7.411411411411410910e+00 -4.732945041241622519e+00
-7.406406406406405907e+00 -4.733173781219804255e+00
-7.401401401401400904e+00 -4.733402088481986070e+00
-7.396396396396395900e+00 -4.733627035372302672e+00
-7.391391391391390897e+00 -4.733851540915448908e+00
-7.386386386386385894e+00 -4.734072731548002011e+00
-7.381381381381380891e+00 -4.734293494120168866e+00
-7.376376376376375887e+00 -4.734510802449550582e+00
-7.371371371371370884e+00 -4.734727666985726557e+00
-7.366366366366365881e+00 -4.734941109179060525e+00
-7.361361361361360878e+00 -4.735154118698714498e+00
-7.356356356356355874e+00 -4.735363624629302493e+00
-7.351351351351350871e+00 -4.735572691827475644e+00
-7.346346346346345868e+00 -4.735778185934444551e+00
-7.341341341341340865e+00 -4.735983237344322916e+00
-7.336336336336335862e+00 -4.736184784589966057e+00
-7.331331331331330858e+00 -4.736385905591960821e+00
-7.326326326326325855e+00 -4.736583416672324631e+00
-7.321321321321320852e+00 -4.736780492747215021e+00
-7.316316316316315849e+00 -4.736973900850421693e+00
-7.311311311311310845e+00 -4.737166872332698730e+00
-7.306306306306305842e+00 -4.737356300988002644e+00
-7.301301301301300839e+00 -4.737545316840718890e+00
-7.296296296296295836e+00 -4.737730617406695544e+00
-7.291291291291290833e+00 -4.737915488329825564e+00
-7.286286286286285829e+00 -4.738096743046793513e+00
-7.281281281281280826e+00 -4.738277587943954927e+00
-7.276276276276275823e+00 -4.738454753138604758e+00
-7.271271271271270820e+00 -4.738631506838158813e+00
-7.266266266266265816e+00 -4.738804635328675907e+00
-7.261261261261260813e+00 -4.738977365929858188e+00
-7.256256256256255810e+00 -4.739146465345939419e+00
-7.251251251251250807e+00 -4.739315172723222780e+00
-7.246246246246245803e+00 -4.739480216325528517e+00
-7.241241241241240800e+00 -4.739644870530089982e+00
-7.236236236236235797e+00 -4.739805890387869702e+00
-7.231231231231230794e+00 -4.739966531051532428e+00
-7.226226226226225791e+00 -4.740123601003877418e+00
-7.221221221221220787e+00 -4.740280305852775378e+00
-7.216216216216215784e+00 -4.740433428597222942e+00
-7.211211211211210781e+00 -4.740586191481133582e+00
-7.206206206206205778e+00 -4.740735366599603928e+00
-7.201201201201200774e+00 -4.740884187804192962e+00
-7.196196196196195771e+00 -4.741029491327362066e+00
-7.191191191191190768e+00 -4.741174455212988192e+00
-7.186186186186185765e+00 -4.741315927812912001e+00
-7.181181181181180762e+00 -4.741457070090211445e+00
-7.176176176176175758e+00 -4.741594754394538924e+00
-7.171171171171170755e+00 -4.741732118314328837e+00
-7.166166166166165752e+00 -4.741866062744738208e+00
-7.161161161161160749e+00 -4.741999697127111446e+00
-7.156156156156155745e+00 -4.742129956307635119e+00
-7.151151151151150742e+00 -4.742259916203357406e+00
-7.146146146146145739e+00 -4.742386503665536601e+00
-7.141141141141140736e+00 -4.742512798393409668e+00
-7.136136136136135732e+00 -4.742635863617944203e+00
-7.131131131131130729e+00 -4.742758655946260227e+00
-7.126126126126125726e+00 -4.742878185859843221e+00
-7.121121121121120723e+00 -4.742997445872346951e+00
-7.116116116116115720e+00 -4.743113515615651643e+00
-7.111111111111110716e+00 -4.743229328058391481e+00
-7.106106106106105713e+00 -4.743342007546605288e+00
-7.101101101101100710e+00 -4.743454440740110911e+00
-7.096096096096095707e+00 -4.743563805092006369e+00
-7.091091091091090703e+00 -4.743672934501649507e+00
-7.086086086086085700e+00 -4.743778994326349974e+00
-7.081081081081080697e+00 -4.743884824924736954e+00
-7.076076076076075694e+00 -4.743987746629443336e+00
-7.071071071071070691e+00 -4.744090457834079899e+00
-7.066066066066065687e+00 -4.744190250796989972e+00
-7.061061061061060684e+00 -4.744289838023723505e+00
-7.056056056056055681e+00 -4.744386537336173326e+00
-7.051051051051050678e+00 -4.744483038732020930e+00
-7.046046046046045674e+00 -4.744576772653375407e+00
-7.041041041041040671e+00 -4.744670322982224242e+00
-7.036036036036035668e+00 -4.744761139173458098e+00
-7.031031031031030665e+00 -4.744851779394827496e+00
-7.026026026026025662e+00 -4.744939740500980108e+00
-7.021021021021020658e+00 -4.745027534619924658e+00
-7.016016016016015655e+00 -4.745112738368429284e+00
-7.011011011011010652e+00 -4.745197786133515727e+00
-7.006006006006005649e+00 -4.745280277898086929e+00
-7.001001001001000645e+00 -4.745362620818887045e+00
-6.995995995995995642e+00 -4.745442459368033994e+00
-6.990990990990990639e+00 -4.745522157144581143e+00
-6.985985985985985636e+00 -4.745599409704119864e+00
-6.980980980980980632e+00 -4.745676529800804566e+00
-6.975975975975975629e+00 -4.745751317925593682e+00
-6.970970970970970626e+00 -4.745825984766898209e+00
-6.965965965965965623e+00 -4.745898364559189453e+00
-6.960960960960960620e+00 -4.745970630001814961e+00
-6.955955955955955616e+00 -4.746040617204551282e+00
-6.950950950950950613e+00 -4.746110494890566578e+00
-6.945945945945945610e+00 -4.746178193584559502e+00
-6.940940940940940607e+00 -4.746245792157855803e+00
-6.935935935935935603e+00 -4.746311249388440068e+00
-6.930930930930930600e+00 -4.746376612490757374e+00
-6.925925925925925597e+00 -4.746439970795053753e+00
-6.920920920920920594e+00 -4.746503245400310433e+00
-6.915915915915915591e+00 -4.746564443812807177e+00
-6.910910910910910587e+00 -4.746625559197544142e+00
-6.905905905905905584e+00 -4.746684741856435075e+00
-6.900900900900900581e+00 -4.746743851484700905e+00
-6.895895895895895578e+00 -4.746801113598353439e+00
-6.890890890890890574e+00 -4.746858309769226736e+00
-6.885885885885885571e+00 -4.746913641081023094e+00
-6.880880880880880568e+00 -4.746968909322403007e+00
-6.875875875875875565e+00 -4.747022410497096168e+00
-6.870870870870870561e+00 -4.747075855635401354e+00
-6.865865865865865558e+00 -4.747127567204114662e+00
-6.860860860860860555e+00 -4.747179227224709308e+00
-6.855855855855855552e+00 -4.747229236962875021e+00
-6.850850850850850549e+00 -4.747279201060025322e+00
-6.845845845845845545e+00 -4.747327570003857744e+00
-6.840840840840840542e+00 -4.747375898055075538e+00
-6.835835835835835539e+00 -4.747422685107927087e+00
-6.830830830830830536e+00 -4.747469435765686363e+00
-6.825825825825825532e+00 -4.747514642040425059e+00
-6.820820820820820529e+00 -4.747559814764633401e+00
-6.815815815815815526e+00 -4.747603612413512586e+00
-6.810810810810810523e+00 -4.747647383303709390e+00
-6.805805805805805520e+00 -4.747689700543970659e+00
-6.800800800800800516e+00 -4.747731992006614554e+00
-6.795795795795795513e+00 -4.747773031290322798e+00
-6.790790790790790510e+00 -4.747814051300474958e+00
-6.785785785785785507e+00 -4.747853791103488597e+00
-6.780780780780780503e+00 -4.747893513537758459e+00
-6.775775775775775500e+00 -4.747932021318448825e+00
-6.770770770770770497e+00 -4.747970515096787913e+00
-6.765765765765765494e+00 -4.748007930440221180e+00
-6.760760760760760490e+00 -4.748045335762607344e+00
-6.755755755755755487e+00 -4.748081574327970955e+00
-6.750750750750750484e+00 -4.748117803986705354e+00
-6.745745745745745481e+00 -4.748153097830427605e+00
-6.740740740740740478e+00 -4.748188386881400547e+00
-6.735735735735735474e+00 -4.748222705183220427e+00
-6.730730730730730471e+00 -4.748257020227425684e+00
-6.725725725725725468e+00 -4.748290474589920152e+00
-6.720720720720720465e+00 -4.748323927980453441e+00
-6.715715715715715461e+00 -4.748356566068816953e+00
-6.710710710710710458e+00 -4.748389204894134963e+00
-6.705705705705705455e+00 -4.748421126231574085e+00
-6.700700700700700452e+00 -4.748453048660631559e+00
-6.695695695695695449e+00 -4.748484351717307206e+00
-6.690690690690690445e+00 -4.748515654735498082e+00
-6.685685685685685442e+00 -4.748546374786966062e+00
-6.680680680680680439e+00 -4.748577094360554085e+00
-6.675675675675675436e+00 -4.748607369884762619e+00
-6.670670670670670432e+00 -4.748637644289591009e+00
-6.665665665665665429e+00 -4.748667515464423339e+00
-6.660660660660660426e+00 -4.748697215144125572e+00
-6.655655655655655423e+00 -4.748709570575336159e+00
-6.650650650650650419e+00 -4.748721575097316183e+00
-6.645645645645645416e+00 -4.748704429508216585e+00
-6.640640640640640413e+00 -4.748687293332578108e+00
-6.635635635635635410e+00 -4.748670777315988190e+00
-6.630630630630630407e+00 -4.748654273612510579e+00
-6.625625625625625403e+00 -4.748638493437558949e+00
-6.620620620620620400e+00 -4.748622728683803196e+00
-6.615615615615615397e+00 -4.748607778818324299e+00
-6.610610610610610394e+00 -4.748592848313891501e+00
-6.605605605605605390e+00 -4.748578846199050574e+00
-6.600600600600600387e+00 -4.748564867574637915e+00
-6.595595595595595384e+00 -4.748551918031936658e+00
-6.590590590590590381e+00 -4.748538996848508553e+00
-6.585585585585585378e+00 -4.748527218156662677e+00
-6.580580580580580374e+00 -4.748515473086858840e+00
-6.575575575575575371e+00 -4.748504980497834538e+00
-6.570570570570570368e+00 -4.748494527620729322e+00
-6.565565565565565365e+00 -4.748485449462947372e+00
-6.560560560560560361e+00 -4.748476417408091343e+00
-6.555555555555555358e+00 -4.748468874829302244e+00
-6.550550550550550355e+00 -4.748461385504309185e+00
-6.545545545545545352e+00 -4.748455508119479695e+00
-6.540540540540540349e+00 -4.748449692042753689e+00
-6.535535535535535345e+00 -4.748445620608013229e+00
-6.530530530530530342e+00 -4.748441618626771721e+00
-6.525525525525525339e+00 -4.748439480485010300e+00
-6.520520520520520336e+00 -4.748437421052144281e+00
-6.515515515515515332e+00 -4.748437359050505790e+00
-6.510510510510510329e+00 -4.748437385790611032e+00
-6.505505505505505326e+00 -4.748439547542505856e+00
-6.500500500500500323e+00 -4.748441808339461723e+00
-6.495495495495495319e+00 -4.748446333358981697e+00
-6.490490490490490316e+00 -4.748450968928704441e+00
-6.485485485485485313e+00 -4.748458010865500789e+00
-6.480480480480480310e+00 -4.748465175572565755e+00
-6.475475475475475307e+00 -4.748474889666018051e+00
-6.470470470470470303e+00 -4.748484739204033467e+00
-6.465465465465465300e+00 -4.748497276548235391e+00
-6.460460460460460297e+00 -4.748509963508160681e+00
-6.455455455455455294e+00 -4.748525492352988486e+00
-6.450450450450450290e+00 -4.748541185016364352e+00
-6.445445445445445287e+00 -4.748559860443097413e+00
-6.440440440440440284e+00 -4.748578715661278871e+00
-6.435435435435435281e+00 -4.748600713213410707e+00
-6.430430430430430278e+00 -4.748622907117888481e+00
-6.425425425425425274e+00 -4.748648399332806136e+00
-6.420420420420420271e+00 -4.748674105095441078e+00
-6.415415415415415268e+00 -4.748703262514647250e+00
-6.410410410410410265e+00 -4.748732651877502597e+00
-6.405405405405405261e+00 -4.748765652593093911e+00
-6.400400400400400258e+00 -4.748798905194136388e+00
-6.395395395395395255e+00 -4.748835939573250897e+00
-6.390390390390390252e+00 -4.748873246144729166e+00
-6.385385385385385248e+00 -4.748914497059065987e+00
-6.380380380380380245e+00 -4.748956041794778038e+00
-6.375375375375375242e+00 -4.749001699722721348e+00
-6.370370370370370239e+00 -4.749047674623340320e+00
-6.365365365365365236e+00 -4.749097939790797085e+00
-6.360360360360360232e+00 -4.749148544854507215e+00
-6.355355355355355229e+00 -4.749203601212859560e+00
-6.350350350350350226e+00 -4.749259023019917869e+00
-6.345345345345345223e+00 -4.749319079256610898e+00
-6.340340340340340219e+00 -4.749379526748366942e+00
-6.335335335335335216e+00 -4.749444781944853311e+00
-6.330330330330330213e+00 -4.749510454941633597e+00
-6.325325325325325210e+00 -4.749581105620194421e+00
-6.320320320320320207e+00 -4.749652201976111598e+00
-6.315315315315315203e+00 -4.749728449791255969e+00
-6.310310310310310200e+00 -4.749805172017248722e+00
-6.305305305305305197e+00 -4.749887217276053342e+00
-6.300300300300300194e+00 -4.749969766365983226e+00
-6.295295295295295190e+00 -4.750057805931906074e+00
-6.290290290290290187e+00 -4.750146379149425613e+00
-6.285285285285285184e+00 -4.750240603158927044e+00
-6.280280280280280181e+00 -4.750335391715436728e+00
-6.275275275275275177e+00 -4.750435991808358516e+00
-6.270270270270270174e+00 -4.750537187183065946e+00
-6.265265265265265171e+00 -4.750644342216552296e+00
-6.260260260260260168e+00 -4.750752123618407374e+00
-6.255255255255255165e+00 -4.750866006160109123e+00
-6.250250250250250161e+00 -4.750980545700456581e+00
-6.245245245245245158e+00 -4.751101313565416540e+00
-6.240240240240240155e+00 -4.751222770131018791e+00
-6.235235235235235152e+00 -4.751350583570022934e+00
-6.230230230230230148e+00 -4.751479115945550724e+00
-6.225225225225225145e+00 -4.751614110921358325e+00
-6.220220220220220142e+00 -4.751749853633025822e+00
-6.215215215215215139e+00 -4.751892143644080413e+00
-6.210210210210210136e+00 -4.752035246935470525e+00
-6.205205205205205132e+00 -4.752185306731003145e+00
-6.200200200200200129e+00 -4.752336170223319556e+00
-6.195195195195195126e+00 -4.752493714317684415e+00
-6.190190190190190123e+00 -4.752652088069377001e+00
-6.185185185185185119e+00 -4.752817184041083998e+00
-6.180180180180180116e+00 -4.752983134612265737e+00
-6.175175175175175113e+00 -4.753155835972523668e+00
-6.170170170170170110e+00 -4.753329413642835455e+00
-6.165165165165165106e+00 -4.753509740161810271e+00
-6.160160160160160103e+00 -4.753690963937086345e+00
-6.155155155155155100e+00 -4.753878926135179483e+00
-6.150150150150150097e+00 -4.754067804866219049e+00
-6.145145145145145094e+00 -4.754263396487153237e+00
-6.140140140140140090e+00 -4.754459934825793432e+00
-6.135135135135135087e+00 -4.754663244322323123e+00
-6.130130130130130084e+00 -4.754867525842352727e+00
-6.125125125125125081e+00 -4.755078594645138601e+00
-6.120120120120120077e+00 -4.755290619040535738e+00
-6.115115115115115074e+00 -4.755509131441058024e+00
-6.110110110110110071e+00 -4.755728600910733128e+00
-6.105105105105105068e+00 -4.755954401903051298e+00
-6.100100100100100065e+00 -4.756181171420306164e+00
-6.095095095095095061e+00 -4.756414192889285353e+00
-6.090090090090090058e+00 -4.756648215218866937e+00
-6.085085085085085055e+00 -4.756888559305696873e+00
-6.080080080080080052e+00 -4.757129861787491087e+00
-6.075075075075075048e+00 -4.757377031298085868e+00
-6.070070070070070045e+00 -4.757625153263081330e+00
-6.065065065065065042e+00 -4.757878954639862101e+00
-6.060060060060060039e+00 -4.758133735858998570e+00
-6.055055055055055035e+00 -4.758394238768733686e+00
-6.050050050050050032e+00 -4.758655655678143859e+00
-6.045045045045045029e+00 -4.758922219261182640e+00
-6.040040040040040026e+00 -4.759189736477260624e+00
-6.035035035035035023e+00 -4.759462530890215426e+00
-6.030030030030030019e+00 -4.759736197658351209e+00
-6.025025025025025016e+00 -4.760014496125295480e+00
-6.020020020020020013e+00 -4.760293692073251037e+00
-6.015015015015015010e+00 -4.760577565421327151e+00
-6.010010010010010006e+00 -4.760862277936249498e+00
-6.005005005005005003e+00 -4.761151197324319462e+00
-6.000000000000000000e+00 -4.761440931893180739e+00
